% start	end	CellId	IMSI	RNTI	LCID	nTxPDUs	TxBytes	nRxPDUs	RxBytes	delay	stdDev	min	max	PduSize	stdDev	min	max
3	3.25	10	1	16	4	7	2066	7	2066	0.003	0	0.003	0.003	295.143	309.726	56	749	
3	3.25	5	2	8	4	11	3902	11	3902	0.003	0	0.003	0.003	354.727	317.153	56	749	
3	3.25	16	3	4	4	7	2066	6	1317	0.003	0	0.003	0.003	219.5	258.945	56	648	
3	3.25	19	4	6	4	7	2066	7	2066	0.007	0.00374166	0.003	0.01	295.143	309.726	56	749	
3	3.25	1	5	1	4	10	3846	10	3846	0.0051	0.00338132	0.003	0.01	384.6	317.578	56	749	
3	3.25	21	6	4	4	11	3902	11	3902	0.003	0	0.003	0.003	354.727	317.153	56	749	
3	3.25	8	7	3	4	6	2066	6	2066	0.003	0	0.003	0.003	344.333	323.387	56	749	
3	3.25	21	8	1	4	10	3846	10	3846	0.003	0	0.003	0.003	384.6	317.578	56	749	
3	3.25	7	9	4	4	2	120	1	60	0.003	0	0.003	0.003	60	0	60	60	
3	3.25	17	10	1	4	9	3845	9	3845	0.003	0	0.003	0.003	427.222	311.27	56	749	
3	3.25	7	11	6	4	1	60	0	0	0	0	0	0	0	0	0	0	
3	3.25	15	12	4	4	12	3850	12	3850	0.00358333	0.00202073	0.003	0.01	320.833	285.291	56	749	
3	3.25	14	13	6	4	8	3844	8	3844	0.005625	0.00362284	0.003	0.01	480.5	297.297	60	749	
3	3.25	14	14	1	4	8	3844	8	3844	0.003	0	0.003	0.003	480.5	297.297	60	749	
3	3.25	4	15	1	4	7	2066	6	2010	0.01	0.00626099	0.003	0.017	335	319.017	56	749	
3	3.25	17	16	4	4	10	3846	10	3846	0.0044	0.00442719	0.003	0.017	384.6	317.578	56	749	
3	3.25	19	17	1	4	2	120	1	60	0.024	0	0.024	0.024	60	0	60	60	
3	3.25	5	18	10	4	9	3845	9	3845	0.003	0	0.003	0.003	427.222	311.27	56	749	
3	3.25	10	19	12	4	5	826	5	826	0.0086	0.0031305	0.003	0.01	165.2	145.886	56	325	
3	3.25	10	20	7	4	8	2068	8	2068	0.0065	0.0052915	0.003	0.017	258.5	296.074	50	749	
3	3.25	5	21	1	4	9	3845	9	3845	0.003	0	0.003	0.003	427.222	311.27	56	749	
3	3.25	1	22	3	4	11	3902	10	3846	0.003	0	0.003	0.003	384.6	317.578	56	749	
3	3.25	21	23	6	4	5	2009	5	2009	0.0058	0.00383406	0.003	0.01	401.8	325.174	60	749	
3	3.25	5	24	5	4	9	3845	9	3845	0.003	0	0.003	0.003	427.222	311.27	56	749	
3	3.25	17	25	6	4	8	3846	8	3846	0.003875	0.00247487	0.003	0.01	480.75	297.234	60	749	
3	3.25	19	26	4	4	7	2066	7	2066	0.01	0.00571548	0.003	0.017	295.143	309.726	56	749	
3	3.25	16	27	1	4	10	3846	10	3846	0.0044	0.00295146	0.003	0.01	384.6	317.578	56	749	
3	3.25	14	28	4	4	1	60	1	60	0.003	0	0.003	0.003	60	0	60	60	
3	3.25	3	29	1	4	10	3846	10	3846	0.0051	0.00338132	0.003	0.01	384.6	317.578	56	749	
3	3.25	16	30	6	4	9	3845	9	3845	0.00533333	0.0035	0.003	0.01	427.222	311.27	56	749	
3	3.25	10	31	1	4	6	2010	6	2010	0.00533333	0.00361478	0.003	0.01	335	319.017	56	749	
3	3.25	15	32	6	4	10	3846	9	3564	0.00377778	0.00233333	0.003	0.01	396	334.665	56	749	
3	3.25	8	33	1	4	10	3846	9	3097	0.00533333	0.007	0.003	0.024	344.111	308.253	56	749	
3	3.25	9	34	1	4	10	3846	7	2066	0.004	0.00264575	0.003	0.01	295.143	309.726	56	749	
3	3.25	13	35	1	4	7	2066	6	2010	0.0135	0.00734166	0.003	0.024	335	319.017	56	749	
3	3.25	10	36	19	4	7	2012	7	2012	0.004	0.00264575	0.003	0.01	287.429	241.943	56	648	
3	3.25	10	37	21	4	7	2012	5	826	0.0058	0.00383406	0.003	0.01	165.2	207.159	56	533	
3	3.25	12	38	1	4	10	3846	8	2815	0.0065	0.00374166	0.003	0.01	351.875	328.594	56	749	
3	3.25	7	39	1	4	10	3846	10	3846	0.003	0	0.003	0.003	384.6	317.578	56	749	
3	3.25	3	40	3	4	10	3846	10	3846	0.0037	0.00221359	0.003	0.01	384.6	317.578	56	749	
3	3.25	15	41	1	4	9	3845	9	3845	0.003	0	0.003	0.003	427.222	311.27	56	749	
3.25	3.5	10	1	16	4	15	7290	15	7290	0.003	0	0.003	0.003	486	308.12	56	749	
3.25	3.5	5	2	8	4	36	18582	36	18582	0.003	0	0.003	0.003	516.167	303.514	56	749	
3.25	3.5	16	3	4	4	4	224	3	168	0.003	0	0.003	0.003	56	0	56	56	
3.25	3.5	19	4	6	4	39	20431	38	20360	0.00594737	0.00350249	0.003	0.01	535.789	242.999	56	749	
3.25	3.5	1	5	1	4	38	18474	38	18474	0.0048421	0.00312381	0.003	0.01	486.158	302.333	56	749	
3.25	3.5	21	6	4	4	18	11054	18	11054	0.003	0	0.003	0.003	614.111	251.692	64	749	
3.25	3.5	8	7	3	4	55	31490	54	31378	0.003	0	0.003	0.003	581.074	280.225	56	749	
3.25	3.5	21	8	1	4	32	18416	32	18416	0.003875	0.00235208	0.003	0.01	575.5	274.145	56	749	
3.25	3.5	7	9	4	4	4	224	3	168	0.003	0	0.003	0.003	56	0	56	56	
3.25	3.5	17	10	1	4	20	11015	20	11015	0.003	0	0.003	0.003	550.75	301.325	56	749	
3.25	3.5	15	12	4	4	10	5507	9	5451	0.01	0.007	0.003	0.017	605.667	257.473	56	749	
3.25	3.5	14	13	6	4	39	18696	38	18640	0.00465789	0.00301596	0.003	0.01	490.526	315.167	56	749	
3.25	3.5	14	14	1	4	37	18638	37	18638	0.003	0	0.003	0.003	503.73	321.204	56	749	
3.25	3.5	4	15	1	4	64	23792	62	22790	0.00729032	0.00557626	0.003	0.017	367.581	277.146	32	749	
3.25	3.5	17	16	4	4	42	18534	42	18534	0.0045	0.00363754	0.003	0.017	441.286	323.036	56	749	
3.25	3.5	19	17	1	4	2	112	1	56	0.003	0	0.003	0.003	56	0	56	56	
3.25	3.5	5	18	10	4	34	18526	33	18470	0.003	0	0.003	0.003	559.697	296.237	56	749	
3.25	3.5	10	19	12	4	10	4868	10	4868	0.0058	0.00361478	0.003	0.01	486.8	294.755	56	749	
3.25	3.5	10	20	7	4	18	7403	18	7403	0.00572222	0.00425379	0.003	0.017	411.278	324.109	31	749	
3.25	3.5	5	21	1	4	22	11127	22	11127	0.003	0	0.003	0.003	505.773	321.469	56	749	
3.25	3.5	1	22	3	4	64	29664	65	29720	0.00504615	0.00320854	0.003	0.01	457.231	299.238	56	749	
3.25	3.5	21	23	6	4	21	12580	21	12580	0.004	0.00250998	0.003	0.01	599.048	261.902	56	749	
3.25	3.5	5	24	5	4	37	18583	37	18583	0.003	0	0.003	0.003	502.243	321.397	56	749	
3.25	3.5	17	25	6	4	34	18303	34	18303	0.00464706	0.00301393	0.003	0.01	538.324	306.922	56	749	
3.25	3.5	19	26	4	4	53	20232	51	18864	0.00739216	0.00559313	0.003	0.017	369.882	262.708	56	749	
3.25	3.5	16	27	1	4	23	11184	23	11184	0.00421739	0.00271287	0.003	0.01	486.261	312.654	56	749	
3.25	3.5	3	29	1	4	39	18585	39	18585	0.00389743	0.00237082	0.003	0.01	476.538	309.25	56	749	
3.25	3.5	16	30	6	4	23	11181	23	11181	0.00482609	0.00314284	0.003	0.01	486.13	317.072	56	749	
3.25	3.5	10	31	1	4	17	7459	17	7459	0.00547059	0.00344815	0.003	0.01	438.765	297.652	56	749	
3.25	3.5	15	32	6	4	24	11183	24	11409	0.003875	0.00236482	0.003	0.01	475.375	322.412	56	749	
3.25	3.5	8	33	1	4	8	448	8	448	0.003	0	0.003	0.003	56	0	56	56	
3.25	3.5	9	34	1	4	6	1408	6	2327	0.00416667	0.00285774	0.003	0.01	387.833	298.408	56	749	
3.25	3.5	13	35	1	4	4	2372	2	1031	0.017	0	0.017	0.017	515.5	330.219	282	749	
3.25	3.5	10	36	19	4	18	7462	18	7462	0.00727778	0.00488462	0.003	0.017	414.556	272.577	56	749	
3.25	3.5	10	37	21	4	16	7401	18	8587	0.00805555	0.00322622	0.003	0.01	477.056	297.705	56	749	
3.25	3.5	12	38	1	4	62	29667	63	30642	0.00566667	0.00342665	0.003	0.01	486.381	292.026	47	749	
3.25	3.5	7	39	1	4	54	29487	54	29487	0.003	0	0.003	0.003	546.056	303.394	56	749	
3.25	3.5	3	40	3	4	58	24788	56	24282	0.0065	0.00499454	0.003	0.017	433.607	290.859	56	749	
3.25	3.5	15	41	1	4	22	11183	22	11183	0.003	0	0.003	0.003	508.318	317.94	56	749	
3.5	3.75	10	1	16	4	14	5566	14	5566	0.0045	0.00298071	0.003	0.01	397.571	281.555	7	749	
3.5	3.75	5	2	8	4	44	25112	44	25112	0.003	0	0.003	0.003	570.727	298.803	25	749	
3.5	3.75	16	3	4	4	7	392	9	504	0.00688889	0.00368932	0.003	0.01	56	0	56	56	
3.5	3.75	19	4	6	4	120	46508	119	46324	0.00441176	0.00282066	0.003	0.01	389.277	241.595	20	749	
3.5	3.75	1	5	1	4	70	29931	70	29931	0.0055	0.00337832	0.003	0.01	427.586	247.631	56	749	
3.5	3.75	21	6	4	4	1	56	1	56	0.003	0	0.003	0.003	56	0	56	56	
3.5	3.75	8	7	3	4	86	29284	85	29268	0.003	0	0.003	0.003	344.329	318.613	56	749	
3.5	3.75	21	8	1	4	46	21785	46	21785	0.00543478	0.0033708	0.003	0.01	473.587	283.434	56	749	
3.5	3.75	7	9	4	4	1	56	1	56	0.003	0	0.003	0.003	56	0	56	56	
3.5	3.75	17	10	1	4	10	6634	8	5625	0.00825	0.00324037	0.003	0.01	703.125	129.754	382	749	
3.5	3.75	15	12	4	4	17	9284	15	8471	0.0118667	0.00618601	0.003	0.024	564.733	291.995	64	749	
3.5	3.75	14	13	6	4	82	35080	82	34387	0.00436585	0.00279113	0.003	0.01	419.354	261.22	56	749	
3.5	3.75	14	14	1	4	79	37885	79	37885	0.003	0	0.003	0.003	479.557	327.89	56	749	
3.5	3.75	4	15	1	4	143	42383	143	42186	0.00569231	0.00490936	0.003	0.017	295.007	206.166	56	749	
3.5	3.75	17	16	4	4	30	18412	30	18412	0.00323333	0.00127802	0.003	0.01	613.733	256.728	64	749	
3.5	3.75	5	18	10	4	40	21068	41	21124	0.003	0	0.003	0.003	515.22	322.813	56	749	
3.5	3.75	10	19	12	4	30	9317	29	9261	0.00662069	0.00580279	0.003	0.017	319.345	192.521	56	749	
3.5	3.75	10	20	7	4	18	10113	13	6368	0.00623077	0.00363212	0.003	0.01	489.846	320.634	56	749	
3.5	3.75	5	21	1	4	37	17992	37	17992	0.003	0	0.003	0.003	486.27	329.088	56	749	
3.5	3.75	1	22	3	4	62	26731	60	26030	0.00463333	0.00298565	0.003	0.01	433.833	270.818	56	749	
3.5	3.75	21	23	6	4	61	36299	59	34801	0.00383051	0.00228301	0.003	0.01	589.847	122.126	64	749	
3.5	3.75	5	24	5	4	45	26834	45	26834	0.003	0	0.003	0.003	596.311	282.273	56	749	
3.5	3.75	17	25	6	4	24	13349	22	12211	0.00618182	0.00356753	0.003	0.01	555.045	151.614	290	749	
3.5	3.75	19	26	4	4	64	18924	61	17933	0.00540984	0.00493078	0.003	0.024	293.984	203.124	44	749	
3.5	3.75	16	27	1	4	33	18360	33	18360	0.00448485	0.00290604	0.003	0.01	556.364	287.112	56	749	
3.5	3.75	3	29	1	4	100	41137	100	41137	0.00412	0.00257917	0.003	0.01	411.37	274.594	56	749	
3.5	3.75	16	30	6	4	34	18417	34	18417	0.00505882	0.00323748	0.003	0.01	541.676	311.76	56	749	
3.5	3.75	10	31	1	4	14	5572	14	5572	0.004	0.00254196	0.003	0.01	398	196.343	56	714	
3.5	3.75	15	32	6	4	40	18374	40	18374	0.004225	0.00269365	0.003	0.01	459.35	275.793	56	749	
3.5	3.75	8	33	1	4	9	4673	6	3248	0.003	0	0.003	0.003	541.333	273.92	56	749	
3.5	3.75	9	34	1	4	1	56	0	0	0	0	0	0	0	0	0	0	
3.5	3.75	10	36	19	4	17	5520	17	5520	0.00711765	0.00556644	0.003	0.017	324.706	225.973	56	749	
3.5	3.75	10	37	21	4	16	5629	16	5629	0.005625	0.0035	0.003	0.01	351.812	261.779	56	749	
3.5	3.75	12	38	1	4	130	44041	128	41850	0.00491406	0.00313232	0.003	0.01	326.953	252.164	56	749	
3.5	3.75	7	39	1	4	80	31317	80	31317	0.003	0	0.003	0.003	391.462	336.988	56	749	
3.5	3.75	3	40	3	4	76	30461	77	30903	0.00572727	0.0047034	0.003	0.017	401.338	264.942	56	749	
3.5	3.75	15	41	1	4	33	18247	33	18247	0.003	0	0.003	0.003	552.939	300.098	56	749	
3.75	4	10	1	16	4	13	6257	12	5508	0.003	0	0.003	0.003	459	314.182	56	749	
3.75	4	5	2	8	4	49	21890	49	21890	0.003	0	0.003	0.003	446.735	326.457	64	749	
3.75	4	16	3	4	4	5	280	5	280	0.0044	0.0031305	0.003	0.01	56	0	56	56	
3.75	4	19	4	6	4	55	20562	55	19959	0.00389091	0.00235445	0.003	0.01	362.891	206.782	56	714	
3.75	4	1	5	1	4	79	29975	79	29975	0.00574683	0.00343984	0.003	0.01	379.43	269.895	56	749	
3.75	4	21	6	4	4	69	45298	69	45298	0.0034058	0.0016478	0.003	0.01	656.493	173.578	40	749	
3.75	4	8	7	3	4	84	36146	86	36274	0.003	0	0.003	0.003	421.791	334.906	56	749	
3.75	4	21	8	1	4	37	14201	37	14201	0.00451351	0.00292139	0.003	0.01	383.811	290.008	56	749	
3.75	4	7	9	4	4	3	168	1	56	0.003	0	0.003	0.003	56	0	56	56	
3.75	4	17	10	1	4	49	31138	49	30815	0.004	0.00247487	0.003	0.01	628.878	208.495	56	749	
3.75	4	15	12	4	4	15	3036	13	2307	0.00461538	0.00582435	0.003	0.024	177.462	130.527	24	457	
3.75	4	14	13	6	4	58	16819	56	16041	0.007	0.00349545	0.003	0.01	286.446	286.711	56	749	
3.75	4	14	14	1	4	75	28694	75	28694	0.003	0	0.003	0.003	382.587	333.493	56	749	
3.75	4	4	15	1	4	97	25477	99	26676	0.00738384	0.00604862	0.003	0.017	269.455	241.525	56	749	
3.75	4	17	16	4	4	47	29954	46	29205	0.00726087	0.00580588	0.003	0.017	634.891	224.309	56	749	
3.75	4	5	18	10	4	34	5932	34	5932	0.003	0	0.003	0.003	174.471	216.922	64	749	
3.75	4	10	19	12	4	61	21533	60	20939	0.0058	0.0045016	0.003	0.017	348.983	186.046	34	749	
3.75	4	10	20	7	4	12	2859	17	6604	0.00752941	0.00424437	0.003	0.017	388.471	276.849	48	749	
3.75	4	5	21	1	4	45	19382	45	19382	0.003	0	0.003	0.003	430.711	331.716	56	749	
3.75	4	1	22	3	4	77	42683	79	43384	0.00441772	0.00283118	0.003	0.01	549.165	267.988	26	749	
3.75	4	21	23	6	4	62	39030	63	39779	0.004	0.00246916	0.003	0.01	631.413	202.282	56	749	
3.75	4	5	24	5	4	53	25686	53	25686	0.003	0	0.003	0.003	484.642	321.221	56	749	
3.75	4	17	25	6	4	55	26792	56	27181	0.006125	0.00351135	0.003	0.01	485.375	251.52	56	749	
3.75	4	19	26	4	4	78	23963	79	23822	0.00743038	0.00584343	0.003	0.017	301.544	251.909	56	749	
3.75	4	16	27	1	4	31	16492	31	16492	0.00322581	0.00125724	0.003	0.01	532	267.798	56	749	
3.75	4	3	29	1	4	34	2343	34	2343	0.0052647	0.00332401	0.003	0.01	68.9118	25.3346	56	167	
3.75	4	16	30	6	4	28	16413	28	16413	0.00525	0.00332916	0.003	0.01	586.179	291.865	56	749	
3.75	4	10	31	1	4	16	7344	16	7344	0.0060625	0.00358643	0.003	0.01	459	302.293	56	749	
3.75	4	15	32	6	4	50	16870	51	16926	0.00533333	0.00333267	0.003	0.01	331.882	231.907	46	749	
3.75	4	10	36	19	4	18	7299	18	7299	0.00611111	0.00493355	0.003	0.017	405.5	261.797	56	749	
3.75	4	10	37	21	4	15	7347	14	7291	0.0065	0.00363212	0.003	0.01	520.786	281.57	56	749	
3.75	4	12	38	1	4	102	34254	103	36389	0.00571845	0.00342831	0.003	0.01	353.291	248.084	56	749	
3.75	4	7	39	1	4	37	16376	37	16376	0.003	0	0.003	0.003	442.595	343.167	56	749	
3.75	4	3	40	3	4	58	15344	59	15408	0.00738983	0.00635452	0.003	0.017	261.153	258.98	56	749	
3.75	4	15	41	1	4	36	16925	36	16925	0.003	0	0.003	0.003	470.139	336.75	56	749	
4	4.25	10	1	16	4	6	1255	7	2004	0.003	0	0.003	0.003	286.286	326.689	56	749	
4	4.25	5	2	8	4	51	24277	51	24277	0.003	0	0.003	0.003	476.02	325.723	64	749	
4	4.25	16	3	4	4	9	1082	8	1026	0.005625	0.00362284	0.003	0.01	128.25	106.948	56	309	
4	4.25	19	4	6	4	68	17532	69	18334	0.00543478	0.00335839	0.003	0.01	265.71	248.959	23	749	
4	4.25	1	5	1	4	76	35043	75	34510	0.00617333	0.00350819	0.003	0.01	460.133	279.519	56	749	
4	4.25	21	6	4	4	27	18509	26	17888	0.00326923	0.00137281	0.003	0.01	688	145.524	56	749	
4	4.25	8	7	3	4	46	16568	45	16512	0.003	0	0.003	0.003	366.933	333.315	56	749	
4	4.25	21	8	1	4	22	5220	22	5220	0.00522727	0.00333712	0.003	0.01	237.273	240.454	61	672	
4	4.25	7	9	4	4	1	56	1	56	0.003	0	0.003	0.003	56	0	56	56	
4	4.25	17	10	1	4	51	32061	51	32060	0.00341176	0.00166345	0.003	0.01	628.627	253.563	56	749	
4	4.25	15	12	4	4	7	712	6	575	0.003	0	0.003	0.003	95.8333	45.1195	52	137	
4	4.25	14	13	6	4	80	37419	83	38946	0.00544578	0.00335775	0.003	0.01	469.229	243.613	56	749	
4	4.25	14	14	1	4	43	17303	43	17303	0.003	0	0.003	0.003	402.395	324.664	56	749	
4	4.25	4	15	1	4	80	22348	82	23153	0.00795122	0.00626947	0.003	0.017	282.354	241.886	56	749	
4	4.25	17	16	4	4	67	38787	67	38787	0.00477612	0.00306901	0.003	0.01	578.91	276.3	54	749	
4	4.25	5	18	10	4	52	22512	52	22512	0.003	0	0.003	0.003	432.923	333.865	32	749	
4	4.25	10	19	12	4	35	7812	35	7812	0.0038	0.00225962	0.003	0.01	223.2	69.2357	28	325	
4	4.25	10	20	7	4	27	12216	26	12160	0.00757692	0.00393114	0.003	0.017	467.692	240.335	56	749	
4	4.25	5	21	1	4	47	19269	47	19269	0.003	0	0.003	0.003	409.979	337.365	12	749	
4	4.25	1	22	3	4	77	41928	77	41928	0.00481818	0.00308957	0.003	0.01	544.519	235.893	80	749	
4	4.25	21	23	6	4	74	44440	75	45189	0.00402667	0.00249309	0.003	0.01	602.52	173.379	56	749	
4	4.25	5	24	5	4	41	13054	39	11556	0.003	0	0.003	0.003	296.308	318.852	64	749	
4	4.25	17	25	6	4	37	14562	38	15311	0.00355263	0.00191293	0.003	0.01	402.921	233.505	56	749	
4	4.25	19	26	4	4	47	11198	45	9897	0.00548889	0.00399216	0.003	0.017	219.933	194.44	32	749	
4	4.25	16	27	1	4	48	21557	47	21477	0.00553191	0.00339981	0.003	0.01	456.957	297.005	64	749	
4	4.25	3	29	1	4	19	1064	19	1064	0.00594737	0.0035508	0.003	0.01	56	0	56	56	
4	4.25	16	30	6	4	47	22315	47	22315	0.00523404	0.00329831	0.003	0.01	474.787	301.144	72	749	
4	4.25	10	31	1	4	21	11610	21	11610	0.00533333	0.00338132	0.003	0.01	552.857	296.561	56	749	
4	4.25	15	32	6	4	39	16799	38	16735	0.00594737	0.00350249	0.003	0.01	440.395	309.959	64	749	
4	4.25	9	34	1	4	1	592	0	0	0	0	0	0	0	0	0	0	
4	4.25	13	35	1	4	1	56	0	0	0	0	0	0	0	0	0	0	
4	4.25	10	36	19	4	9	1472	9	1472	0.00533333	0.00494975	0.003	0.017	163.556	125.93	56	309	
4	4.25	10	37	21	4	38	12186	39	12242	0.00497436	0.00319117	0.003	0.01	313.897	116.872	56	469	
4	4.25	12	38	1	4	82	30815	82	29429	0.00632927	0.00351735	0.003	0.01	358.89	317.899	56	749	
4	4.25	7	39	1	4	87	46233	86	46177	0.003	0	0.003	0.003	536.942	313.589	25	749	
4	4.25	3	40	3	4	39	6593	37	6481	0.00602703	0.00482175	0.003	0.017	175.162	232.891	56	749	
4	4.25	15	41	1	4	57	32741	57	32741	0.003	0	0.003	0.003	574.404	282.052	64	749	
4.25	4.5	10	1	16	4	21	11555	21	11555	0.00333333	0.00152753	0.003	0.01	550.238	294.643	43	749	
4.25	4.5	5	2	8	4	37	15868	37	15868	0.003	0	0.003	0.003	428.865	326.718	56	749	
4.25	4.5	16	3	4	4	14	968	13	896	0.00569231	0.00354459	0.003	0.01	68.9231	4.05096	64	72	
4.25	4.5	19	4	6	4	59	16978	60	17034	0.00591667	0.00348017	0.003	0.01	283.9	267.113	56	749	
4.25	4.5	1	5	1	4	65	30181	65	30658	0.00590769	0.00347636	0.003	0.01	471.662	252.108	56	749	
4.25	4.5	21	6	4	4	28	16712	28	16712	0.0035	0.00183586	0.003	0.01	596.857	197.042	56	749	
4.25	4.5	8	7	3	4	61	25050	61	24357	0.003	0	0.003	0.003	399.295	332.887	56	749	
4.25	4.5	21	8	1	4	26	10236	25	10172	0.0044	0.00285774	0.003	0.01	406.88	338.598	56	749	
4.25	4.5	7	9	4	4	1	56	0	0	0	0	0	0	0	0	0	0	
4.25	4.5	17	10	1	4	52	31468	52	31436	0.00367308	0.00208375	0.003	0.01	604.538	258.124	56	749	
4.25	4.5	15	12	4	4	2	112	1	56	0.024	0	0.024	0.024	56	0	56	56	
4.25	4.5	14	13	6	4	73	38934	68	35549	0.00588235	0.00347068	0.003	0.01	522.779	274.568	56	749	
4.25	4.5	14	14	1	4	40	13097	40	13097	0.003	0	0.003	0.003	327.425	327.945	56	749	
4.25	4.5	4	15	1	4	100	29877	100	29877	0.00657	0.00531104	0.003	0.017	298.77	234.344	56	749	
4.25	4.5	17	16	4	4	44	26290	44	26290	0.00490909	0.0038083	0.003	0.017	597.5	255.74	56	749	
4.25	4.5	19	17	1	4	1	56	0	0	0	0	0	0	0	0	0	0	
4.25	4.5	5	18	10	4	54	31360	53	30611	0.003	0	0.003	0.003	577.566	276.859	56	749	
4.25	4.5	10	19	12	4	30	9042	30	8845	0.00603333	0.00541698	0.003	0.017	294.833	178.858	56	749	
4.25	4.5	10	20	7	4	19	7405	17	5574	0.00711765	0.0035511	0.003	0.01	327.882	275.502	56	749	
4.25	4.5	5	21	1	4	50	23059	49	22310	0.003	0	0.003	0.003	455.306	331.745	56	749	
4.25	4.5	1	22	3	4	56	33955	55	33425	0.00541818	0.00335929	0.003	0.01	607.727	207.417	80	749	
4.25	4.5	21	23	6	4	31	17284	31	17284	0.00345161	0.00174812	0.003	0.01	557.548	140.005	56	749	
4.25	4.5	5	24	5	4	45	21309	47	22807	0.003	0	0.003	0.003	485.255	320.609	56	749	
4.25	4.5	17	25	6	4	40	13098	40	13448	0.00615	0.00352682	0.003	0.01	336.2	302.636	56	749	
4.25	4.5	19	26	4	4	31	7708	30	7652	0.00813333	0.00549441	0.003	0.017	255.067	278.185	56	749	
4.25	4.5	16	27	1	4	38	16694	39	16774	0.00407692	0.00255862	0.003	0.01	430.103	319.427	64	749	
4.25	4.5	3	29	1	4	32	1792	32	1792	0.00475	0.00307959	0.003	0.01	56	0	56	56	
4.25	4.5	16	30	6	4	46	23149	45	23093	0.00408889	0.0025657	0.003	0.01	513.178	291.694	56	749	
4.25	4.5	10	31	1	4	5	280	5	280	0.0058	0.00383406	0.003	0.01	56	0	56	56	
4.25	4.5	15	32	6	4	31	13359	31	13359	0.00503226	0.0032299	0.003	0.01	430.935	330.567	64	749	
4.25	4.5	9	34	1	4	1	56	0	0	0	0	0	0	0	0	0	0	
4.25	4.5	13	35	1	4	1	592	0	0	0	0	0	0	0	0	0	0	
4.25	4.5	10	36	19	4	29	10930	29	10930	0.00565517	0.00345663	0.003	0.01	376.897	186.719	56	749	
4.25	4.5	10	37	21	4	5	280	5	280	0.0058	0.00383406	0.003	0.01	56	0	56	56	
4.25	4.5	12	38	1	4	69	21072	70	22514	0.0055	0.00337832	0.003	0.01	321.629	313.584	56	749	
4.25	4.5	7	39	1	4	43	21608	44	21664	0.003	0	0.003	0.003	492.364	331.675	56	749	
4.25	4.5	3	40	3	4	54	9579	54	8450	0.00572222	0.00498078	0.003	0.017	156.481	214.908	56	749	
4.25	4.5	15	41	1	4	22	9382	21	8790	0.003	0	0.003	0.003	418.571	292.062	56	749	
4.5	4.75	10	1	16	4	3	168	3	168	0.003	0	0.003	0.003	56	0	56	56	
4.5	4.75	5	2	8	4	44	21125	43	20376	0.003	0	0.003	0.003	473.86	324.153	56	749	
4.5	4.75	16	3	4	4	11	1692	9	887	0.00533333	0.0035	0.003	0.01	98.5556	109.235	50	389	
4.5	4.75	19	4	6	4	72	26758	71	26646	0.00585915	0.00346532	0.003	0.01	375.296	266.71	56	749	
4.5	4.75	1	5	1	4	64	30599	64	30599	0.00551562	0.00338527	0.003	0.01	478.109	286.688	56	749	
4.5	4.75	21	6	4	4	17	7330	17	7330	0.00382353	0.00232474	0.003	0.01	431.176	249.366	56	592	
4.5	4.75	8	7	3	4	91	40667	92	41416	0.003	0	0.003	0.003	450.174	333.437	56	749	
4.5	4.75	21	8	1	4	37	13178	38	13242	0.0048421	0.00312381	0.003	0.01	348.474	236.826	33	749	
4.5	4.75	17	10	1	4	47	30167	49	31532	0.00414286	0.00261406	0.003	0.01	643.51	218.648	56	749	
4.5	4.75	15	12	4	4	1	56	1	56	0.017	0	0.017	0.017	56	0	56	56	
4.5	4.75	14	13	6	4	74	36042	76	37180	0.00530263	0.00331067	0.003	0.01	489.211	236.988	56	749	
4.5	4.75	14	14	1	4	39	13803	39	13803	0.003	0	0.003	0.003	353.923	340.011	27	749	
4.5	4.75	4	15	1	4	111	37479	109	36674	0.00640367	0.00535606	0.003	0.017	336.459	252.341	27	749	
4.5	4.75	17	16	4	4	57	30093	58	30842	0.00565517	0.00469622	0.003	0.017	531.759	298.149	56	749	
4.5	4.75	5	18	10	4	62	39895	63	40644	0.003	0	0.003	0.003	645.143	237.082	25	749	
4.5	4.75	10	19	12	4	23	6120	22	5906	0.00554545	0.00406761	0.003	0.017	268.455	155.579	56	749	
4.5	4.75	10	20	7	4	27	11093	30	12980	0.00626667	0.00355191	0.003	0.01	432.667	243.977	64	749	
4.5	4.75	5	21	1	4	45	29092	46	29841	0.003	0	0.003	0.003	648.717	229.866	24	749	
4.5	4.75	1	22	3	4	43	21551	44	22081	0.00522727	0.00329809	0.003	0.01	501.841	219.864	80	749	
4.5	4.75	21	23	6	4	52	29186	51	29130	0.00313725	0.000980196	0.003	0.01	571.176	119.986	56	749	
4.5	4.75	5	24	5	4	46	22257	46	22257	0.003	0	0.003	0.003	483.848	330.256	56	749	
4.5	4.75	17	25	6	4	38	15304	40	16109	0.005975	0.00350448	0.003	0.01	402.725	320.133	56	749	
4.5	4.75	19	26	4	4	35	7075	35	6878	0.0088	0.00646165	0.003	0.024	196.514	232.505	56	749	
4.5	4.75	16	27	1	4	28	10500	28	10500	0.00375	0.00220479	0.003	0.01	375	338.234	64	749	
4.5	4.75	3	29	1	4	48	5912	48	5912	0.005625	0.00342472	0.003	0.01	123.167	177.81	56	749	
4.5	4.75	16	30	6	4	37	17924	38	17980	0.00410526	0.00258676	0.003	0.01	473.158	318.341	56	749	
4.5	4.75	10	31	1	4	30	16665	30	16665	0.0051	0.00326264	0.003	0.01	555.5	282.497	56	749	
4.5	4.75	15	32	6	4	51	22284	52	22348	0.00475	0.00306066	0.003	0.01	429.769	266.319	64	749	
4.5	4.75	8	33	1	4	3	650	2	157	0.003	0	0.003	0.003	78.5	31.8198	56	101	
4.5	4.75	10	36	19	4	24	9946	22	8888	0.00522727	0.0039753	0.003	0.017	404	261.999	56	749	
4.5	4.75	10	37	21	4	38	16521	38	16521	0.00539474	0.00336548	0.003	0.01	434.763	171.77	56	749	
4.5	4.75	12	38	1	4	90	29791	91	29847	0.00538461	0.0033359	0.003	0.01	327.989	273.609	56	749	
4.5	4.75	7	39	1	4	45	22795	45	22795	0.003	0	0.003	0.003	506.556	330.738	56	749	
4.5	4.75	3	40	3	4	51	7208	53	8449	0.00643396	0.00559708	0.003	0.017	159.415	215.963	56	749	
4.5	4.75	15	41	1	4	10	632	11	1224	0.003	0	0.003	0.003	111.273	159.578	56	592	
4.75	5	10	1	16	4	28	16413	28	16413	0.003	0	0.003	0.003	586.179	291.915	11	749	
4.75	5	5	2	8	4	9	4252	9	4252	0.003	0	0.003	0.003	472.444	333.458	64	749	
4.75	5	16	3	4	4	4	224	3	168	0.00766667	0.00404145	0.003	0.01	56	0	56	56	
4.75	5	19	4	6	4	71	26805	72	26917	0.00533333	0.00332299	0.003	0.01	373.847	299.494	56	749	
4.75	5	1	5	1	4	75	32552	74	32286	0.00583784	0.00346025	0.003	0.01	436.297	275.661	56	749	
4.75	5	21	6	4	4	24	7452	23	7391	0.00330435	0.0014596	0.003	0.01	321.348	258.462	56	592	
4.75	5	8	7	3	4	90	37377	90	37377	0.003	0	0.003	0.003	415.3	338.225	56	749	
4.75	5	21	8	1	4	48	24110	47	23361	0.00568085	0.00343958	0.003	0.01	497.043	220.718	67	749	
4.75	5	17	10	1	4	61	38025	59	36527	0.0040678	0.00253842	0.003	0.01	619.102	250.392	47	749	
4.75	5	15	12	4	4	1	56	0	0	0	0	0	0	0	0	0	0	
4.75	5	14	13	6	4	64	32228	67	34475	0.00582089	0.0034594	0.003	0.01	514.552	276.895	50	749	
4.75	5	14	14	1	4	39	13099	39	13099	0.003	0	0.003	0.003	335.872	326.418	56	749	
4.75	5	4	15	1	4	123	42360	123	42720	0.0067561	0.00539936	0.003	0.017	347.317	251.79	20	749	
4.75	5	17	16	4	4	56	33107	56	33107	0.007875	0.00565062	0.003	0.017	591.196	271.395	56	749	
4.75	5	5	18	10	4	69	40223	68	40167	0.003	0	0.003	0.003	590.691	281.546	56	749	
4.75	5	10	19	12	4	6	1445	5	1383	0.01	0.007	0.003	0.017	276.6	280.479	64	749	
4.75	5	10	20	7	4	23	9547	22	8798	0.00586364	0.00413228	0.003	0.017	399.909	292.323	80	749	
4.75	5	5	21	1	4	62	39293	62	39293	0.003	0	0.003	0.003	633.758	247.249	56	749	
4.75	5	1	22	3	4	63	34494	63	34494	0.00433333	0.00277082	0.003	0.01	547.524	215.736	14	749	
4.75	5	21	23	6	4	72	48333	73	48389	0.003	0	0.003	0.003	662.863	184.761	56	749	
4.75	5	5	24	5	4	32	12646	32	12646	0.003	0	0.003	0.003	395.187	326.079	56	749	
4.75	5	17	25	6	4	36	13590	36	13590	0.00494444	0.0031798	0.003	0.01	377.5	264.576	56	749	
4.75	5	19	26	4	4	48	10703	49	10956	0.00685714	0.00535802	0.003	0.017	223.592	213.78	56	749	
4.75	5	16	27	1	4	14	944	14	944	0.0035	0.00187083	0.003	0.01	67.4286	4.10842	64	72	
4.75	5	3	29	1	4	75	27990	72	26003	0.00504167	0.00320404	0.003	0.01	361.153	289.039	56	749	
4.75	5	16	30	6	4	65	37350	64	37286	0.0034375	0.00170783	0.003	0.01	582.594	229.742	64	749	
4.75	5	10	31	1	4	15	3686	15	3686	0.00533333	0.00341565	0.003	0.01	245.733	213.54	80	749	
4.75	5	15	32	6	4	67	31696	61	27202	0.00506557	0.00321905	0.003	0.01	445.934	234.94	56	749	
4.75	5	10	36	19	4	24	8615	26	9673	0.00515385	0.00384388	0.003	0.017	372.038	260.604	72	749	
4.75	5	10	37	21	4	9	720	9	720	0.00766667	0.0035	0.003	0.01	80	0	80	80	
4.75	5	12	38	1	4	118	35303	116	35191	0.00559483	0.0040796	0.003	0.017	303.371	219.353	35	749	
4.75	5	7	39	1	4	35	13725	33	12227	0.003	0	0.003	0.003	370.515	350.876	40	749	
4.75	5	3	40	3	4	43	3761	43	3761	0.00934884	0.00644716	0.003	0.017	87.4651	123.473	56	749	
4.75	5	15	41	1	4	72	42894	72	42894	0.003	0	0.003	0.003	595.75	245.121	56	749	
5	5.25	10	1	16	4	9	1825	9	1825	0.003	0	0.003	0.003	202.778	250.496	80	749	
5	5.25	5	2	8	4	8	2596	7	2159	0.003	0	0.003	0.003	308.429	331.566	56	749	
5	5.25	16	3	4	4	5	280	6	336	0.00766667	0.00361478	0.003	0.01	56	0	56	56	
5	5.25	19	4	6	4	92	30825	90	29823	0.00486667	0.00311286	0.003	0.01	331.367	193.731	56	749	
5	5.25	1	5	1	4	57	22609	57	22819	0.00533333	0.00332916	0.003	0.01	400.333	235.58	26	749	
5	5.25	21	6	4	4	13	3946	14	4538	0.0075	0.00348072	0.003	0.01	324.143	284.913	56	749	
5	5.25	8	7	3	4	96	44444	96	44444	0.003	0	0.003	0.003	462.958	335.855	56	749	
5	5.25	21	8	1	4	41	17565	42	18314	0.006	0.00350609	0.003	0.01	436.048	297.04	56	749	
5	5.25	17	10	1	4	44	26410	44	26410	0.00459091	0.00296741	0.003	0.01	600.227	270.748	56	749	
5	5.25	15	12	4	4	1	592	1	592	0.01	0	0.01	0.01	592	0	592	592	
5	5.25	14	13	6	4	48	20061	48	20061	0.00591667	0.00348757	0.003	0.01	417.937	299.533	56	749	
5	5.25	14	14	1	4	52	21035	51	20979	0.00368627	0.00210229	0.003	0.01	411.353	324.071	56	749	
5	5.25	4	15	1	4	149	42233	146	40647	0.00530137	0.00451109	0.003	0.017	278.404	180.339	56	749	
5	5.25	17	16	4	4	41	22685	41	22685	0.00692683	0.00565416	0.003	0.017	553.293	291.31	56	749	
5	5.25	5	18	10	4	46	21281	46	20588	0.003	0	0.003	0.003	447.565	329.11	56	749	
5	5.25	10	19	12	4	7	1958	7	1958	0.005	0.0052915	0.003	0.017	279.714	212.411	56	656	
5	5.25	10	20	7	4	47	22182	47	22182	0.00627659	0.00434242	0.003	0.017	471.957	220.382	80	749	
5	5.25	5	21	1	4	62	35898	62	35898	0.003	0	0.003	0.003	579	275.751	56	749	
5	5.25	1	22	3	4	56	29057	55	29001	0.00618182	0.00351763	0.003	0.01	527.291	223.161	56	749	
5	5.25	21	23	6	4	54	32954	52	31770	0.003	0	0.003	0.003	610.962	217.87	56	749	
5	5.25	5	24	5	4	17	2026	17	2026	0.003	0	0.003	0.003	119.176	186.675	56	749	
5	5.25	17	25	6	4	40	16221	40	16221	0.00615	0.00352682	0.003	0.01	405.525	281.506	56	749	
5	5.25	19	26	4	4	41	12621	41	12621	0.00897561	0.0059728	0.003	0.017	307.829	260.237	3	749	
5	5.25	16	27	1	4	16	1024	16	1024	0.003875	0.00239096	0.003	0.01	64	0	64	64	
5	5.25	3	29	1	4	70	27387	73	29374	0.00539726	0.00334473	0.003	0.01	402.384	307.258	56	749	
5	5.25	16	30	6	4	76	43262	76	42577	0.00392105	0.00238195	0.003	0.01	560.224	218.703	32	749	
5	5.25	10	31	1	4	33	11410	29	9455	0.00541379	0.00338608	0.003	0.01	326.034	230.202	53	749	
5	5.25	15	32	6	4	96	55639	100	58995	0.00531	0.00330807	0.003	0.01	589.95	215.668	56	749	
5	5.25	8	33	1	4	5	280	4	224	0.00825	0.00670199	0.003	0.017	56	0	56	56	
5	5.25	10	36	19	4	14	2504	14	2504	0.0035	0.00187083	0.003	0.01	178.857	189.909	80	749	
5	5.25	10	37	21	4	44	20405	43	20325	0.00576744	0.00346298	0.003	0.01	472.674	195.693	80	749	
5	5.25	12	38	1	4	131	45566	130	44847	0.0058	0.00423423	0.003	0.017	344.977	211.567	56	749	
5	5.25	7	39	1	4	57	26829	57	26829	0.00324561	0.00129946	0.003	0.01	470.684	331.38	56	749	
5	5.25	3	40	3	4	63	14566	61	14060	0.00690164	0.00578995	0.003	0.017	230.492	255.942	56	749	
5	5.25	15	41	1	4	70	44039	70	44039	0.003	0	0.003	0.003	629.129	241.021	56	749	
5.25	5.5	10	1	16	4	19	8770	19	8770	0.003	0	0.003	0.003	461.579	240.672	80	749	
5.25	5.5	5	2	8	4	6	2730	6	2730	0.003	0	0.003	0.003	455	323.287	56	749	
5.25	5.5	16	3	4	4	8	687	6	559	0.00766667	0.00361478	0.003	0.01	93.1667	79.3786	56	255	
5.25	5.5	19	4	6	4	83	27969	81	27209	0.00490123	0.00313291	0.003	0.01	335.914	214.669	19	749	
5.25	5.5	1	5	1	4	74	28069	75	27648	0.00514667	0.0032495	0.003	0.01	368.64	213.882	56	749	
5.25	5.5	21	6	4	4	7	2274	5	1461	0.003	0	0.003	0.003	292.2	283.292	56	749	
5.25	5.5	8	7	3	4	113	51471	112	51415	0.003	0	0.003	0.003	459.062	338.561	56	749	
5.25	5.5	21	8	1	4	22	9301	22	9301	0.00554545	0.00344656	0.003	0.01	422.773	280.554	56	749	
5.25	5.5	17	10	1	4	42	17598	44	19096	0.00395454	0.00242999	0.003	0.01	434	316.418	56	749	
5.25	5.5	15	12	4	4	4	2370	3	1778	0.00533333	0.00404145	0.003	0.01	592.667	156.001	437	749	
5.25	5.5	14	13	6	4	43	16124	42	16068	0.00516667	0.00327531	0.003	0.01	382.571	331.706	56	749	
5.25	5.5	14	14	1	4	63	25749	63	25749	0.00488889	0.0031321	0.003	0.01	408.714	331.787	56	749	
5.25	5.5	4	15	1	4	201	58947	204	60472	0.00444118	0.00315939	0.003	0.017	296.431	120.84	56	749	
5.25	5.5	17	16	4	4	52	25293	52	25293	0.00609615	0.00526274	0.003	0.017	486.404	307.318	56	749	
5.25	5.5	5	18	10	4	36	15739	37	16488	0.003	0	0.003	0.003	445.622	330.847	56	749	
5.25	5.5	10	19	12	4	14	2016	13	1960	0.003	0	0.003	0.003	150.769	79.3863	31	253	
5.25	5.5	10	20	7	4	30	10889	30	11566	0.0058	0.00394269	0.003	0.017	385.533	193.041	72	749	
5.25	5.5	5	21	1	4	33	15615	31	14557	0.003	0	0.003	0.003	469.581	332.579	56	749	
5.25	5.5	1	22	3	4	63	30904	63	30427	0.00588889	0.00347392	0.003	0.01	482.968	215.857	56	749	
5.25	5.5	21	23	6	4	23	11486	25	12670	0.003	0	0.003	0.003	506.8	233.49	56	749	
5.25	5.5	5	24	5	4	25	7959	25	7959	0.003	0	0.003	0.003	318.36	325.339	56	749	
5.25	5.5	17	25	6	4	36	12934	35	12878	0.0058	0.00347935	0.003	0.01	367.943	324.465	56	749	
5.25	5.5	19	26	4	4	64	17507	64	17507	0.0069375	0.0052731	0.003	0.017	273.547	202.352	44	749	
5.25	5.5	16	27	1	4	18	6024	18	6024	0.00494444	0.00322622	0.003	0.01	334.667	308.548	56	749	
5.25	5.5	3	29	1	4	82	31236	81	31180	0.00446913	0.0028683	0.003	0.01	384.938	259.081	56	749	
5.25	5.5	16	30	6	4	46	27464	46	28157	0.00391304	0.00238352	0.003	0.01	612.109	224.961	3	749	
5.25	5.5	10	31	1	4	59	29818	59	29641	0.00644068	0.00352954	0.003	0.01	502.39	186.964	20	749	
5.25	5.5	15	32	6	4	41	23389	43	24527	0.00495349	0.00317695	0.003	0.01	570.395	250.733	56	749	
5.25	5.5	8	33	1	4	1	56	1	56	0.017	0	0.017	0.017	56	0	56	56	
5.25	5.5	10	36	19	4	39	17936	39	17936	0.00515385	0.003273	0.003	0.01	459.897	243.075	72	749	
5.25	5.5	10	37	21	4	23	8274	24	8354	0.00533333	0.0033708	0.003	0.01	348.083	241.045	61	749	
5.25	5.5	12	38	1	4	107	49334	105	46420	0.00533333	0.00345484	0.003	0.017	442.095	291.014	56	749	
5.25	5.5	7	39	1	4	54	24734	55	26176	0.00338182	0.00160429	0.003	0.01	475.927	309.417	56	749	
5.25	5.5	3	40	3	4	62	18117	62	17818	0.00570968	0.0052803	0.003	0.017	287.387	285.857	12	749	
5.25	5.5	15	41	1	4	46	26710	44	25524	0.003	0	0.003	0.003	580.091	280.69	40	749	
5.5	5.75	10	1	16	4	21	8401	21	8401	0.003	0	0.003	0.003	400.048	338.542	56	749	
5.5	5.75	5	2	8	4	1	72	0	0	0	0	0	0	0	0	0	0	
5.5	5.75	16	3	4	4	6	896	5	304	0.0058	0.00383406	0.003	0.01	60.8	4.38178	56	64	
5.5	5.75	19	4	6	4	94	36945	98	38707	0.00457143	0.00293574	0.003	0.01	394.969	178.461	37	749	
5.5	5.75	1	5	1	4	73	29458	74	29991	0.00432432	0.00276033	0.003	0.01	405.284	192.645	56	749	
5.5	5.75	21	6	4	4	8	2610	8	2082	0.00475	0.00324037	0.003	0.01	260.25	287.639	56	749	
5.5	5.75	8	7	3	4	108	49631	107	48593	0.003	0	0.003	0.003	454.14	333.387	56	749	
5.5	5.75	21	8	1	4	37	17611	37	17611	0.00583784	0.0034842	0.003	0.01	475.973	261.11	56	749	
5.5	5.75	17	10	1	4	26	10763	26	10763	0.00488461	0.00316641	0.003	0.01	413.962	311.981	56	749	
5.5	5.75	15	12	4	4	1	56	0	0	0	0	0	0	0	0	0	0	
5.5	5.75	14	13	6	4	45	17255	45	17255	0.00486667	0.0031305	0.003	0.01	383.444	332.672	56	749	
5.5	5.75	14	14	1	4	55	22991	56	23047	0.0055	0.00338446	0.003	0.01	411.554	308.36	56	749	
5.5	5.75	4	15	1	4	228	61938	228	61938	0.00367544	0.00207139	0.003	0.01	271.658	49.5329	81	389	
5.5	5.75	17	16	4	4	35	19811	29	15317	0.00613793	0.00579239	0.003	0.017	528.172	291.686	56	749	
5.5	5.75	5	18	10	4	40	19453	39	19397	0.003	0	0.003	0.003	497.359	334.813	56	749	
5.5	5.75	10	19	12	4	12	2548	12	2211	0.00591667	0.00467991	0.003	0.017	184.25	99.9919	56	309	
5.5	5.75	10	20	7	4	25	6599	26	6671	0.00461538	0.00300768	0.003	0.01	256.577	137.092	72	389	
5.5	5.75	5	21	1	4	28	12002	30	13060	0.003	0	0.003	0.003	435.333	344.061	53	749	
5.5	5.75	1	22	3	4	82	41139	84	42421	0.00583333	0.00345656	0.003	0.01	505.012	207.571	28	749	
5.5	5.75	21	23	6	4	28	14570	28	14570	0.003	0	0.003	0.003	520.357	278.264	56	749	
5.5	5.75	5	24	5	4	29	11521	29	11521	0.003	0	0.003	0.003	397.276	346.662	56	749	
5.5	5.75	17	25	6	4	31	13452	32	13508	0.00540625	0.00337791	0.003	0.01	422.125	218.588	56	749	
5.5	5.75	19	26	4	4	34	15575	27	11165	0.01	0.00643906	0.003	0.017	413.519	269.028	56	749	
5.5	5.75	16	27	1	4	27	15761	27	15761	0.00351852	0.00186816	0.003	0.01	583.741	279.411	56	749	
5.5	5.75	3	29	1	4	77	27077	78	27133	0.00497436	0.00317038	0.003	0.01	347.859	268.42	56	749	
5.5	5.75	16	30	6	4	53	30176	53	30176	0.00392453	0.00239269	0.003	0.01	569.358	281.353	56	749	
5.5	5.75	10	31	1	4	58	27381	61	28980	0.00506557	0.00321905	0.003	0.01	475.082	133.342	87	749	
5.5	5.75	15	32	6	4	26	12964	25	12908	0.00468	0.00305123	0.003	0.01	516.32	281.086	56	749	
5.5	5.75	8	33	1	4	6	336	6	336	0.003	0	0.003	0.003	56	0	56	56	
5.5	5.75	10	36	19	4	45	13292	45	13292	0.00424444	0.00270652	0.003	0.01	295.378	125.178	64	749	
5.5	5.75	10	37	21	4	40	14669	39	14589	0.00515385	0.003273	0.003	0.01	374.077	198.851	19	533	
5.5	5.75	12	38	1	4	117	55872	122	59617	0.00540984	0.00389904	0.003	0.017	488.664	298.628	51	749	
5.5	5.75	7	39	1	4	44	18757	44	18757	0.00363636	0.00203562	0.003	0.01	426.295	336.712	27	749	
5.5	5.75	3	40	3	4	87	26089	87	25892	0.00565517	0.00546836	0.003	0.017	297.609	251.297	16	749	
5.5	5.75	15	41	1	4	39	21588	41	22774	0.003	0	0.003	0.003	555.463	246.115	56	749	
5.75	6	10	1	16	4	7	400	7	400	0.003	0	0.003	0.003	57.1429	3.02372	56	64	
5.75	6	16	3	4	4	4	224	5	280	0.0086	0.0031305	0.003	0.01	56	0	56	56	
5.75	6	19	4	6	4	107	42007	106	41951	0.00412264	0.00258089	0.003	0.01	395.764	173.488	34	749	
5.75	6	1	5	1	4	83	35653	82	35597	0.00504878	0.00320456	0.003	0.01	434.11	211.955	56	749	
5.75	6	21	6	4	4	3	704	3	704	0.003	0	0.003	0.003	234.667	309.46	56	592	
5.75	6	8	7	3	4	88	39094	89	40132	0.003	0	0.003	0.003	450.921	336.711	53	749	
5.75	6	21	8	1	4	54	29702	54	29702	0.0052037	0.00328162	0.003	0.01	550.037	266.602	56	749	
5.75	6	17	10	1	4	34	18452	32	16954	0.00475	0.00307959	0.003	0.01	529.812	260.679	56	749	
5.75	6	14	13	6	4	41	13807	42	13863	0.005	0.00320061	0.003	0.01	330.071	319.407	56	749	
5.75	6	14	14	1	4	54	23358	54	23358	0.00585185	0.00347176	0.003	0.01	432.556	308.996	56	749	
5.75	6	4	15	1	4	203	63638	202	61897	0.00431683	0.00365674	0.003	0.017	306.421	138.913	56	749	
5.75	6	17	16	4	4	43	20033	48	23778	0.0060625	0.00498255	0.003	0.017	495.375	292.271	35	749	
5.75	6	5	18	10	4	44	20697	45	20753	0.003	0	0.003	0.003	461.178	330.51	56	749	
5.75	6	10	19	12	4	3	256	2	192	0.0065	0.00494975	0.003	0.01	96	45.2548	64	128	
5.75	6	10	20	7	4	15	3010	15	3010	0.00393333	0.00246306	0.003	0.01	200.667	192.652	64	705	
5.75	6	5	21	1	4	41	19287	41	19287	0.003	0	0.003	0.003	470.415	327.884	56	749	
5.75	6	1	22	3	4	64	32595	64	32379	0.00529687	0.0033127	0.003	0.01	505.922	197.277	56	749	
5.75	6	21	23	6	4	25	15278	25	15278	0.003	0	0.003	0.003	611.12	258.741	56	749	
5.75	6	5	24	5	4	41	19398	41	19398	0.003	0	0.003	0.003	473.122	337.342	56	749	
5.75	6	17	25	6	4	36	17604	36	17604	0.00572222	0.00346089	0.003	0.01	489	283.777	8	749	
5.75	6	19	26	4	4	74	21747	77	23753	0.00709091	0.00486443	0.003	0.017	308.481	215.856	26	749	
5.75	6	16	27	1	4	49	26084	47	24674	0.00359574	0.0019744	0.003	0.01	524.979	284.455	56	749	
5.75	6	3	29	1	4	63	28452	63	28452	0.005	0.00318768	0.003	0.01	451.619	271.895	56	749	
5.75	6	16	30	6	4	46	26133	47	26189	0.00434042	0.00278409	0.003	0.01	557.213	295.013	56	749	
5.75	6	10	31	1	4	47	23985	48	24518	0.00664583	0.00353397	0.003	0.01	510.792	225.044	54	749	
5.75	6	15	32	6	4	27	14259	28	14315	0.005	0.00322031	0.003	0.01	511.25	324.763	56	749	
5.75	6	8	33	1	4	4	242	4	242	0.003	0	0.003	0.003	60.5	6.13732	56	69	
5.75	6	10	36	19	4	13	3581	14	3645	0.0075	0.00348072	0.003	0.01	260.357	299.101	64	749	
5.75	6	10	37	21	4	42	16236	43	16316	0.00511628	0.00325291	0.003	0.01	379.442	218.014	72	749	
5.75	6	12	38	1	4	111	41303	109	41191	0.00563303	0.00412908	0.003	0.017	377.899	274.897	56	749	
5.75	6	7	39	1	4	41	19290	42	19346	0.00466667	0.00301756	0.003	0.01	460.619	331.943	56	749	
5.75	6	3	40	3	4	65	27651	65	28541	0.0072	0.00590868	0.003	0.017	439.092	299.098	56	749	
5.75	6	15	41	1	4	56	35874	54	34376	0.003	0	0.003	0.003	636.593	230.024	56	749	
6	6.25	10	1	16	4	20	8943	20	8943	0.003	0	0.003	0.003	447.15	309.012	64	749	
6	6.25	16	3	4	4	4	224	4	224	0.0065	0.00404145	0.003	0.01	56	0	56	56	
6	6.25	19	4	6	4	105	37476	107	37588	0.00450467	0.00288906	0.003	0.01	351.29	155.855	56	749	
6	6.25	1	5	1	4	94	39766	95	39822	0.00528421	0.00329946	0.003	0.01	419.179	206.18	31	749	
6	6.25	21	6	4	4	10	2736	10	2736	0.0051	0.00338132	0.003	0.01	273.6	274.052	56	592	
6	6.25	8	7	3	4	108	53395	108	53032	0.00306481	0.000673575	0.003	0.01	491.037	328.189	56	749	
6	6.25	21	8	1	4	22	10426	22	10426	0.00522727	0.00333712	0.003	0.01	473.909	296.088	56	749	
6	6.25	17	10	1	4	30	14095	31	15537	0.00570968	0.00346596	0.003	0.01	501.194	270.203	56	749	
6	6.25	14	13	6	4	33	15874	31	14376	0.00480645	0.00311362	0.003	0.01	463.742	321.84	56	749	
6	6.25	14	14	1	4	51	18621	51	18621	0.00547059	0.00337848	0.003	0.01	365.118	285.251	56	749	
6	6.25	4	15	1	4	202	60583	203	62324	0.00441379	0.00343774	0.003	0.017	307.015	126.667	56	749	
6	6.25	17	16	4	4	36	20332	36	21025	0.00825	0.00634429	0.003	0.017	584.028	280.96	56	749	
6	6.25	5	18	10	4	37	15841	36	15785	0.003	0	0.003	0.003	438.472	340.232	56	749	
6	6.25	10	19	12	4	1	64	0	0	0	0	0	0	0	0	0	0	
6	6.25	10	20	7	4	34	11406	33	11342	0.00490909	0.00361735	0.003	0.017	343.697	225.598	64	749	
6	6.25	5	21	1	4	33	14540	33	14540	0.003	0	0.003	0.003	440.606	340.486	56	749	
6	6.25	1	22	3	4	52	17805	52	17805	0.00515385	0.00326229	0.003	0.01	342.404	232.88	56	749	
6	6.25	21	23	6	4	16	7935	15	7879	0.003	0	0.003	0.003	525.267	280.078	56	749	
6	6.25	5	24	5	4	48	22535	48	22535	0.003	0	0.003	0.003	469.479	333.866	56	749	
6	6.25	17	25	6	4	42	20131	41	20075	0.00504878	0.00322452	0.003	0.01	489.634	236.863	56	749	
6	6.25	19	26	4	4	98	22653	102	25057	0.00416667	0.00382561	0.003	0.024	245.657	116.048	33	749	
6	6.25	16	27	1	4	23	8760	25	10170	0.0058	0.0035	0.003	0.01	406.8	304.566	56	749	
6	6.25	3	29	1	4	70	35440	68	34790	0.00475	0.00305363	0.003	0.01	511.618	265.094	56	749	
6	6.25	16	30	6	4	49	27157	49	27157	0.00471428	0.00304138	0.003	0.01	554.224	271.182	30	749	
6	6.25	10	31	1	4	38	20527	38	20527	0.00557895	0.00342196	0.003	0.01	540.184	204.837	56	749	
6	6.25	15	32	6	4	26	12359	24	11173	0.00416667	0.00266485	0.003	0.01	465.542	297.058	56	749	
6	6.25	8	33	1	4	6	368	5	304	0.003	0	0.003	0.003	60.8	4.38178	56	64	
6	6.25	9	34	1	4	1	592	0	0	0	0	0	0	0	0	0	0	
6	6.25	13	35	1	4	1	56	0	0	0	0	0	0	0	0	0	0	
6	6.25	10	36	19	4	35	13719	35	13719	0.0062	0.00490378	0.003	0.017	391.971	255.556	15	749	
6	6.25	10	37	21	4	26	11173	26	11173	0.00488461	0.00316641	0.003	0.01	429.731	212.879	56	749	
6	6.25	12	38	1	4	90	32698	87	30888	0.00477011	0.00306025	0.003	0.01	355.034	321.818	53	749	
6	6.25	7	39	1	4	46	22801	46	22801	0.00634783	0.00353533	0.003	0.01	495.674	300.806	56	749	
6	6.25	3	40	3	4	81	40855	81	39781	0.00662963	0.00586823	0.003	0.017	491.123	299.703	56	749	
6	6.25	15	41	1	4	32	17170	34	18668	0.003	0	0.003	0.003	549.059	262.805	56	749	
6.25	6.5	10	1	16	4	20	10025	19	9276	0.003	0	0.003	0.003	488.211	332.734	56	749	
6.25	6.5	5	2	8	4	1	592	0	0	0	0	0	0	0	0	0	0	
6.25	6.5	16	3	4	4	5	447	5	447	0.0086	0.0031305	0.003	0.01	89.4	56.7961	64	191	
6.25	6.5	19	4	6	4	80	24240	78	24072	0.00425641	0.00270371	0.003	0.01	308.615	189.298	56	749	
6.25	6.5	1	5	1	4	81	32047	81	32047	0.00464197	0.00298458	0.003	0.01	395.642	185.53	56	749	
6.25	6.5	21	6	4	4	7	3076	6	3020	0.003	0	0.003	0.003	503.333	259.797	56	749	
6.25	6.5	8	7	3	4	120	57139	120	57502	0.003525	0.00185147	0.003	0.01	479.183	295.347	56	749	
6.25	6.5	21	8	1	4	23	11019	23	11019	0.00482609	0.00314284	0.003	0.01	479.087	299.936	56	749	
6.25	6.5	17	10	1	4	58	30520	58	30520	0.00577586	0.00345418	0.003	0.01	526.207	241.872	56	749	
6.25	6.5	15	12	4	4	1	592	0	0	0	0	0	0	0	0	0	0	
6.25	6.5	14	13	6	4	40	18635	41	19384	0.00470732	0.00304339	0.003	0.01	472.78	285.915	23	749	
6.25	6.5	14	14	1	4	75	33875	73	32377	0.00520548	0.00327431	0.003	0.01	443.521	304.375	56	749	
6.25	6.5	4	15	1	4	204	63538	204	63538	0.00440686	0.00321268	0.003	0.017	311.461	123.707	56	749	
6.25	6.5	17	16	4	4	25	11780	26	11836	0.00703846	0.00599654	0.003	0.017	455.231	320.042	56	749	
6.25	6.5	19	17	1	4	1	56	1	56	0.003	0	0.003	0.003	56	0	56	56	
6.25	6.5	5	18	10	4	53	26151	54	26207	0.003	0	0.003	0.003	485.315	330.811	24	749	
6.25	6.5	10	20	7	4	9	1540	9	1548	0.00688889	0.00368932	0.003	0.01	172	199.311	56	656	
6.25	6.5	5	21	1	4	50	23835	50	23835	0.003	0	0.003	0.003	476.7	330.51	56	749	
6.25	6.5	1	22	3	4	58	21756	58	21756	0.00589655	0.00371667	0.003	0.017	375.103	293.607	13	749	
6.25	6.5	21	23	6	4	17	8470	18	8526	0.003	0	0.003	0.003	473.667	269.842	56	749	
6.25	6.5	5	24	5	4	35	15245	35	15245	0.003	0	0.003	0.003	435.571	337.987	56	749	
6.25	6.5	17	25	6	4	41	19133	41	19133	0.00504878	0.00322452	0.003	0.01	466.659	267.951	56	749	
6.25	6.5	19	26	4	4	94	23727	90	22715	0.0051	0.00425599	0.003	0.017	252.389	174.72	56	749	
6.25	6.5	16	27	1	4	39	23338	36	21091	0.00397222	0.00245515	0.003	0.01	585.861	275.421	56	749	
6.25	6.5	3	29	1	4	73	39239	75	39889	0.00477333	0.00306494	0.003	0.01	531.853	237.053	56	749	
6.25	6.5	16	30	6	4	37	20139	37	20139	0.00337838	0.0016047	0.003	0.01	544.297	308.671	56	749	
6.25	6.5	10	31	1	4	30	9792	30	9792	0.00486667	0.00364581	0.003	0.017	326.4	203.705	56	749	
6.25	6.5	15	32	6	4	21	9674	23	10860	0.00482609	0.00314284	0.003	0.01	472.174	299.732	56	749	
6.25	6.5	8	33	1	4	4	224	4	224	0.003	0	0.003	0.003	56	0	56	56	
6.25	6.5	13	35	1	4	2	594	0	0	0	0	0	0	0	0	0	0	
6.25	6.5	10	36	19	4	58	23606	58	23606	0.00662069	0.00439628	0.003	0.017	407	214.804	14	749	
6.25	6.5	10	37	21	4	45	21000	44	20675	0.00586364	0.00348145	0.003	0.01	469.886	184.204	56	749	
6.25	6.5	12	38	1	4	76	31108	80	32974	0.005275	0.00348223	0.003	0.017	412.175	337.916	56	749	
6.25	6.5	7	39	1	4	38	16920	37	16864	0.00621622	0.0035366	0.003	0.01	455.784	318.137	56	749	
6.25	6.5	3	40	3	4	74	32770	72	31952	0.0065	0.00575559	0.003	0.017	443.778	303.694	56	749	
6.25	6.5	15	41	1	4	26	13978	26	13978	0.003	0	0.003	0.003	537.615	288.572	56	749	
6.5	6.75	10	1	16	4	30	17426	31	18175	0.003	0	0.003	0.003	586.29	245.229	56	749	
6.5	6.75	16	3	4	4	1	56	0	0	0	0	0	0	0	0	0	0	
6.5	6.75	19	4	6	4	113	33388	113	32922	0.00399115	0.0024513	0.003	0.01	291.345	163.757	56	749	
6.5	6.75	1	5	1	4	53	16582	53	16582	0.00577358	0.00345655	0.003	0.01	312.868	267.288	56	749	
6.5	6.75	21	6	4	4	6	2968	5	2499	0.003	0	0.003	0.003	499.8	144.496	375	749	
6.5	6.75	8	7	3	4	117	55538	117	55538	0.00491453	0.00313372	0.003	0.01	474.684	285.644	56	749	
6.5	6.75	21	8	1	4	48	22375	47	21626	0.0046383	0.00299583	0.003	0.01	460.128	225.099	10	749	
6.5	6.75	17	10	1	4	63	34459	61	32396	0.00472131	0.00303936	0.003	0.01	531.082	212.05	56	749	
6.5	6.75	14	13	6	4	42	12404	41	12348	0.00521951	0.00329782	0.003	0.01	301.171	265.672	56	749	
6.5	6.75	14	14	1	4	56	23046	55	22297	0.00465454	0.00300135	0.003	0.01	405.4	336.195	56	749	
6.5	6.75	4	15	1	4	150	51090	150	51090	0.00603333	0.00454569	0.003	0.017	340.6	195.69	4	749	
6.5	6.75	17	16	4	4	36	13149	35	13093	0.0078	0.00674232	0.003	0.017	374.086	274.056	56	749	
6.5	6.75	19	17	1	4	1	56	1	56	0.01	0	0.01	0.01	56	0	56	56	
6.5	6.75	5	18	10	4	42	17675	42	17675	0.003	0	0.003	0.003	420.833	333.443	56	749	
6.5	6.75	10	20	7	4	9	1470	10	1526	0.0079	0.00338132	0.003	0.01	152.6	140.586	56	389	
6.5	6.75	5	21	1	4	39	18215	39	18215	0.003	0	0.003	0.003	467.051	342.781	24	749	
6.5	6.75	1	22	3	4	53	19920	52	19864	0.00609615	0.00377432	0.003	0.017	382	282.819	56	749	
6.5	6.75	21	23	6	4	20	9290	20	9290	0.003	0	0.003	0.003	464.5	323.13	56	749	
6.5	6.75	5	24	5	4	39	17085	39	17085	0.003	0	0.003	0.003	438.077	342.493	56	749	
6.5	6.75	17	25	6	4	59	27267	60	27323	0.00521667	0.00328371	0.003	0.01	455.383	224.32	45	749	
6.5	6.75	19	26	4	4	76	21262	77	21671	0.00627273	0.00433661	0.003	0.017	281.442	170.97	56	749	
6.5	6.75	16	27	1	4	60	34258	63	36505	0.00466667	0.00300537	0.003	0.01	579.444	263.099	56	749	
6.5	6.75	3	29	1	4	103	45748	102	45571	0.00457843	0.00325314	0.003	0.017	446.775	240.852	56	749	
6.5	6.75	16	30	6	4	70	40054	67	37807	0.00341791	0.00167105	0.003	0.01	564.284	260.042	56	749	
6.5	6.75	10	31	1	4	23	8114	19	6435	0.00594737	0.0035508	0.003	0.01	338.684	279.185	56	749	
6.5	6.75	15	32	6	4	23	10050	23	10050	0.00482609	0.00314284	0.003	0.01	436.957	326.616	56	749	
6.5	6.75	8	33	1	4	3	704	0	0	0	0	0	0	0	0	0	0	
6.5	6.75	9	34	1	4	1	56	0	0	0	0	0	0	0	0	0	0	
6.5	6.75	10	36	19	4	53	16933	53	16933	0.00537736	0.00334679	0.003	0.01	319.491	123.547	56	749	
6.5	6.75	10	37	21	4	26	12273	26	12542	0.00542308	0.00339615	0.003	0.01	482.385	205.211	56	749	
6.5	6.75	12	38	1	4	115	36758	115	36758	0.00464348	0.00325574	0.003	0.017	319.635	248.15	26	749	
6.5	6.75	7	39	1	4	39	18051	39	18051	0.00533333	0.00334297	0.003	0.01	462.846	326.952	56	749	
6.5	6.75	3	40	3	4	87	42839	89	43841	0.00583146	0.0053518	0.003	0.017	492.596	275.6	56	749	
6.5	6.75	15	41	1	4	29	15493	28	14744	0.003	0	0.003	0.003	526.571	315.784	56	749	
6.75	7	10	1	16	4	31	19107	31	19107	0.003	0	0.003	0.003	616.355	251.798	56	749	
6.75	7	16	3	4	4	1	56	1	56	0.003	0	0.003	0.003	56	0	56	56	
6.75	7	19	4	6	4	83	30086	82	28897	0.00385366	0.0023047	0.003	0.01	352.402	162.473	10	749	
6.75	7	1	5	1	4	54	17875	53	17819	0.00630189	0.00352783	0.003	0.01	336.208	298.184	56	749	
6.75	7	21	6	4	4	4	2370	3	1933	0.00533333	0.00404145	0.003	0.01	644.333	90.644	592	749	
6.75	7	8	7	3	4	114	47297	113	47241	0.00560177	0.00339785	0.003	0.01	418.062	275.645	56	749	
6.75	7	21	8	1	4	26	10439	26	10439	0.0065	0.00356931	0.003	0.01	401.5	269.893	56	749	
6.75	7	7	9	4	4	1	56	0	0	0	0	0	0	0	0	0	0	
6.75	7	17	10	1	4	57	25936	58	26989	0.00493103	0.00315596	0.003	0.01	465.328	234.036	56	749	
6.75	7	14	13	6	4	42	16065	43	16121	0.00527907	0.00331896	0.003	0.01	374.907	326.891	27	749	
6.75	7	14	14	1	4	73	37415	76	39662	0.00539474	0.00334297	0.003	0.01	521.868	278.107	26	749	
6.75	7	4	15	1	4	122	44245	122	44182	0.00684426	0.00548178	0.003	0.017	362.148	235.17	41	749	
6.75	7	17	16	4	4	47	22104	48	22160	0.00825	0.00684944	0.003	0.017	461.667	296.266	56	749	
6.75	7	19	17	1	4	3	168	2	112	0.003	0	0.003	0.003	56	0	56	56	
6.75	7	5	18	10	4	43	19513	43	19513	0.003	0	0.003	0.003	453.791	344.229	25	749	
6.75	7	10	20	7	4	12	3896	12	3896	0.00941667	0.00467991	0.003	0.017	324.667	324.313	56	749	
6.75	7	5	21	1	4	52	25210	50	23712	0.003	0	0.003	0.003	474.24	333.664	54	749	
6.75	7	1	22	3	4	53	21105	54	21161	0.00637037	0.00378326	0.003	0.017	391.87	302.388	56	749	
6.75	7	21	23	6	4	44	26651	44	26651	0.003	0	0.003	0.003	605.705	260.904	56	749	
6.75	7	5	24	5	4	39	18158	39	18158	0.003	0	0.003	0.003	465.59	342.703	56	749	
6.75	7	17	25	6	4	72	27528	72	27528	0.003875	0.00233128	0.003	0.01	382.333	130.586	56	749	
6.75	7	19	26	4	4	109	27483	108	25712	0.0052037	0.00402041	0.003	0.024	238.074	151.247	14	749	
6.75	7	16	27	1	4	66	35045	64	33547	0.00485937	0.0031161	0.003	0.01	524.172	275.514	56	749	
6.75	7	3	29	1	4	71	24935	68	22809	0.00588235	0.00516454	0.003	0.017	335.426	212.179	56	749	
6.75	7	16	30	6	4	51	22234	54	24481	0.00494444	0.00316476	0.003	0.01	453.352	324.101	56	749	
6.75	7	10	31	1	4	7	2002	11	2988	0.00936364	0.00660716	0.003	0.017	271.636	262.971	56	749	
6.75	7	15	32	6	4	91	45552	88	44310	0.00475	0.00304846	0.003	0.01	503.523	261.348	56	749	
6.75	7	10	36	19	4	34	12169	34	12169	0.00588235	0.00426234	0.003	0.017	357.912	216.32	56	749	
6.75	7	10	37	21	4	24	12799	25	12855	0.00608	0.00354636	0.003	0.01	514.2	283.129	56	749	
6.75	7	12	38	1	4	90	34408	91	34904	0.00669231	0.00493219	0.003	0.017	383.56	249.29	56	749	
6.75	7	7	39	1	4	39	18051	40	18107	0.005625	0.00343203	0.003	0.01	452.675	331.676	56	749	
6.75	7	3	40	3	4	105	53434	107	54436	0.00450467	0.00430308	0.003	0.017	508.748	256.891	56	749	
6.75	7	15	41	1	4	49	30618	50	31367	0.003	0	0.003	0.003	627.34	246.091	27	749	
7	7.25	10	1	16	4	32	19860	32	19860	0.003	0	0.003	0.003	620.625	254.712	56	749	
7	7.25	16	3	4	4	2	120	2	120	0.0065	0.00494975	0.003	0.01	60	5.65685	56	64	
7	7.25	19	4	6	4	57	23942	58	25597	0.00577586	0.00345418	0.003	0.01	441.328	256.288	54	749	
7	7.25	1	5	1	4	75	27369	75	27369	0.00561333	0.00340863	0.003	0.01	364.92	283.67	32	749	
7	7.25	21	6	4	4	7	4150	7	3838	0.004	0.00264575	0.003	0.01	548.286	148.336	437	749	
7	7.25	8	7	3	4	103	36418	102	34499	0.00553921	0.00338217	0.003	0.01	338.225	293.539	56	749	
7	7.25	21	8	1	4	40	20038	40	20038	0.0037	0.00212675	0.003	0.01	500.95	256.394	56	749	
7	7.25	17	10	1	4	49	22033	45	19901	0.00517778	0.00327726	0.003	0.01	442.244	224.27	56	749	
7	7.25	14	13	6	4	34	15079	34	15079	0.00588235	0.00349688	0.003	0.01	443.5	337.355	56	749	
7	7.25	14	14	1	4	78	42624	76	41126	0.00438158	0.0028046	0.003	0.01	541.132	267.097	56	749	
7	7.25	4	15	1	4	131	50307	132	50820	0.00628788	0.00492622	0.003	0.017	385	249.909	42	749	
7	7.25	17	16	4	4	30	14965	29	14909	0.00806896	0.00617559	0.003	0.017	514.103	321.091	56	749	
7	7.25	5	18	10	4	45	20873	45	20873	0.003	0	0.003	0.003	463.844	338.831	56	749	
7	7.25	10	19	12	4	1	56	1	56	0.003	0	0.003	0.003	56	0	56	56	
7	7.25	10	20	7	4	22	9243	22	9243	0.00777273	0.0039753	0.003	0.017	420.136	275.296	56	749	
7	7.25	5	21	1	4	32	11757	34	13255	0.003	0	0.003	0.003	389.853	342.576	56	749	
7	7.25	1	22	3	4	52	16123	51	16347	0.00464706	0.00330952	0.003	0.017	320.529	221.556	56	749	
7	7.25	21	23	6	4	59	38435	57	37152	0.003	0	0.003	0.003	651.789	221.169	56	749	
7	7.25	5	24	5	4	39	19343	39	19343	0.003	0	0.003	0.003	495.974	334.247	56	749	
7	7.25	17	25	6	4	52	21474	52	21474	0.00528846	0.00331566	0.003	0.01	412.962	206.868	56	749	
7	7.25	19	26	4	4	101	25844	104	27469	0.00555769	0.00458115	0.003	0.017	264.125	203.347	56	749	
7	7.25	16	27	1	4	49	25104	52	27351	0.00555769	0.00340365	0.003	0.01	525.981	254.134	56	749	
7	7.25	3	29	1	4	55	23405	57	24773	0.00631579	0.00420526	0.003	0.017	434.614	243.996	56	749	
7	7.25	16	30	6	4	54	22173	52	21372	0.00394231	0.0024125	0.003	0.01	411	310.02	56	749	
7	7.25	10	31	1	4	3	849	1	157	0.003	0	0.003	0.003	157	0	157	157	
7	7.25	15	32	6	4	65	30911	68	32153	0.00423529	0.00268838	0.003	0.01	472.838	291.055	56	749	
7	7.25	10	36	19	4	27	10440	26	10384	0.00757692	0.0062429	0.003	0.017	399.385	249.744	56	749	
7	7.25	10	37	21	4	35	12284	35	12284	0.004	0.00248525	0.003	0.01	350.971	171.547	56	621	
7	7.25	12	38	1	4	70	24669	68	24557	0.00639706	0.00391758	0.003	0.017	361.132	303.736	56	749	
7	7.25	7	39	1	4	47	20546	47	20546	0.00612766	0.00351776	0.003	0.01	437.149	272.184	56	749	
7	7.25	3	40	3	4	95	53867	90	50815	0.00611111	0.00546376	0.003	0.017	564.611	262.277	56	749	
7	7.25	15	41	1	4	20	13421	20	13421	0.003	0	0.003	0.003	671.05	206.049	56	749	
7.25	7.5	10	1	16	4	21	10956	21	10956	0.003	0	0.003	0.003	521.714	289.623	56	749	
7.25	7.5	16	3	4	4	3	184	2	128	0.0065	0.00494975	0.003	0.01	64	0	64	64	
7.25	7.5	19	4	6	4	98	39445	99	39557	0.00469697	0.00301511	0.003	0.01	399.566	224.406	56	749	
7.25	7.5	1	5	1	4	87	37094	86	36373	0.00544186	0.00335578	0.003	0.01	422.942	243.425	56	749	
7.25	7.5	21	6	4	4	1	56	0	0	0	0	0	0	0	0	0	0	
7.25	7.5	8	7	3	4	104	36918	106	38893	0.00491509	0.00313541	0.003	0.01	366.915	300.822	56	749	
7.25	7.5	21	8	1	4	37	18363	36	17614	0.00494444	0.0031798	0.003	0.01	489.278	303.652	23	749	
7.25	7.5	17	10	1	4	35	13138	41	16336	0.00573171	0.00345705	0.003	0.01	398.439	234.812	56	749	
7.25	7.5	14	13	6	4	16	5753	15	5689	0.00533333	0.00341565	0.003	0.01	379.267	358.201	14	749	
7.25	7.5	14	14	1	4	47	19189	47	20575	0.0067234	0.00353062	0.003	0.01	437.766	314.966	56	749	
7.25	7.5	4	15	1	4	153	57638	151	56140	0.00596689	0.00501121	0.003	0.017	371.788	221.776	53	749	
7.25	7.5	17	16	4	4	41	16550	41	15857	0.00419512	0.00266664	0.003	0.01	386.756	250.772	56	749	
7.25	7.5	5	18	10	4	68	34568	66	33070	0.003	0	0.003	0.003	501.061	324.826	56	749	
7.25	7.5	10	19	12	4	1	56	1	56	0.017	0	0.017	0.017	56	0	56	56	
7.25	7.5	10	20	7	4	31	15721	31	15721	0.00548387	0.00340461	0.003	0.01	507.129	231.324	56	749	
7.25	7.5	5	21	1	4	38	20197	38	20197	0.003	0	0.003	0.003	531.5	315.468	56	749	
7.25	7.5	1	22	3	4	45	13471	45	13471	0.00642222	0.00412029	0.003	0.017	299.356	276.576	56	749	
7.25	7.5	21	23	6	4	18	11449	20	12732	0.003	0	0.003	0.003	636.6	225.204	56	749	
7.25	7.5	5	24	5	4	47	20866	47	20866	0.003	0	0.003	0.003	443.957	338.736	56	749	
7.25	7.5	17	25	6	4	49	22538	49	22538	0.00542857	0.0033665	0.003	0.01	459.959	210.186	56	749	
7.25	7.5	19	26	4	4	76	18888	74	17982	0.00545946	0.00424648	0.003	0.017	243	167.334	64	749	
7.25	7.5	16	27	1	4	68	35341	67	34736	0.00519403	0.00327173	0.003	0.01	518.448	234.817	16	749	
7.25	7.5	3	29	1	4	17	2938	17	2938	0.00752941	0.00550134	0.003	0.017	172.824	198.611	56	749	
7.25	7.5	16	30	6	4	35	13470	37	14271	0.00375676	0.0022036	0.003	0.01	385.703	330.58	56	749	
7.25	7.5	10	31	1	4	1	144	1	144	0.003	0	0.003	0.003	144	0	144	144	
7.25	7.5	15	32	6	4	27	18722	25	18072	0.00412	0.00261916	0.003	0.01	722.88	94.6838	325	749	
7.25	7.5	8	33	1	4	2	58	2	58	0.003	0	0.003	0.003	29	16.9706	17	41	
7.25	7.5	10	36	19	4	27	10384	28	10440	0.00625	0.00446073	0.003	0.017	372.857	269.374	30	749	
7.25	7.5	10	37	21	4	19	6924	18	6868	0.00727778	0.00351142	0.003	0.01	381.556	272.534	56	749	
7.25	7.5	12	38	1	4	77	33174	72	28736	0.00523611	0.00328673	0.003	0.01	399.111	333.244	56	749	
7.25	7.5	7	39	1	4	45	20537	45	20537	0.00471111	0.00304229	0.003	0.01	456.378	329.571	35	749	
7.25	7.5	3	40	3	4	76	36893	81	39945	0.00446913	0.00409904	0.003	0.017	493.148	290.956	56	749	
7.25	7.5	15	41	1	4	48	32533	48	32533	0.003	0	0.003	0.003	677.771	157.75	154	749	
7.5	7.75	10	1	16	4	35	22232	35	22232	0.003	0	0.003	0.003	635.2	237.314	56	749	
7.5	7.75	16	3	4	4	2	648	3	1240	0.00766667	0.00404145	0.003	0.01	413.333	309.46	56	592	
7.5	7.75	19	4	6	4	111	47857	112	47913	0.0053125	0.00391815	0.003	0.017	427.795	216.531	56	749	
7.5	7.75	1	5	1	4	68	29312	70	30089	0.0059	0.00347308	0.003	0.01	429.843	260.61	56	749	
7.5	7.75	8	7	3	4	123	47723	122	47667	0.00460656	0.00295575	0.003	0.01	390.713	300.183	56	749	
7.5	7.75	21	8	1	4	24	10764	23	10708	0.00543478	0.00340889	0.003	0.01	465.565	302.351	7	749	
7.5	7.75	17	10	1	4	51	22655	51	22655	0.00464706	0.00299882	0.003	0.01	444.216	218.693	53	749	
7.5	7.75	14	13	6	4	7	4802	8	5551	0.005625	0.00362284	0.003	0.01	693.875	155.917	308	749	
7.5	7.75	14	14	1	4	76	31427	74	28543	0.00555405	0.00339275	0.003	0.01	385.716	274.399	29	749	
7.5	7.75	4	15	1	4	182	62789	180	62374	0.00506111	0.00396375	0.003	0.017	346.522	194.214	32	749	
7.5	7.75	17	16	4	4	28	9475	29	10224	0.00468965	0.00304846	0.003	0.01	352.552	247.119	56	749	
7.5	7.75	5	18	10	4	60	29679	62	31177	0.003	0	0.003	0.003	502.855	319.506	56	749	
7.5	7.75	10	19	12	4	5	708	4	369	0.0065	0.00404145	0.003	0.01	92.25	72.5	56	201	
7.5	7.75	10	20	7	4	29	8666	29	8666	0.00517241	0.00422635	0.003	0.017	298.828	214.734	56	749	
7.5	7.75	5	21	1	4	34	11438	33	11366	0.003	0	0.003	0.003	344.424	336.663	56	749	
7.5	7.75	1	22	3	4	37	11350	33	8850	0.00554545	0.00422116	0.003	0.017	268.182	206.316	56	749	
7.5	7.75	21	23	6	4	41	25505	41	25505	0.003	0	0.003	0.003	622.073	251.896	56	749	
7.5	7.75	5	24	5	4	73	38656	72	37907	0.003	0	0.003	0.003	526.486	314.467	56	749	
7.5	7.75	17	25	6	4	30	11902	30	11902	0.00696667	0.00352805	0.003	0.01	396.733	246.151	56	749	
7.5	7.75	19	26	4	4	61	14911	61	15407	0.00506557	0.00449024	0.003	0.017	252.574	211.265	5	749	
7.5	7.75	16	27	1	4	51	18456	52	19061	0.00542308	0.00336269	0.003	0.01	366.558	263.806	56	749	
7.5	7.75	3	29	1	4	22	4995	17	3287	0.00711765	0.00498601	0.003	0.017	193.353	237.813	56	749	
7.5	7.75	16	30	6	4	53	22767	53	22767	0.0045849	0.00295761	0.003	0.01	429.566	296.653	56	749	
7.5	7.75	15	32	6	4	35	17231	37	17881	0.00527027	0.00332205	0.003	0.01	483.27	289.424	56	749	
7.5	7.75	10	36	19	4	30	12862	27	11082	0.00740741	0.00519067	0.003	0.017	410.444	273.421	56	749	
7.5	7.75	10	37	21	4	31	15183	32	15239	0.005625	0.00344309	0.003	0.01	476.219	232.088	56	749	
7.5	7.75	12	38	1	4	80	35063	84	38059	0.00558333	0.00431643	0.003	0.017	453.083	322.161	56	749	
7.5	7.75	7	39	1	4	69	33829	69	33829	0.00533333	0.00332401	0.003	0.01	490.275	263.848	56	749	
7.5	7.75	3	40	3	4	70	33789	68	32291	0.00577941	0.005007	0.003	0.017	474.868	288.501	56	749	
7.5	7.75	15	41	1	4	12	7231	11	7175	0.003	0	0.003	0.003	652.273	218.668	56	749	
7.75	8	10	1	16	4	22	10957	22	10957	0.003	0	0.003	0.003	498.045	294.924	56	749	
7.75	8	16	3	4	4	2	112	2	112	0.01	0	0.01	0.01	56	0	56	56	
7.75	8	19	4	6	4	84	35065	81	32818	0.00438272	0.00301483	0.003	0.017	405.16	221.792	56	749	
7.75	8	1	5	1	4	83	39471	83	39471	0.00561446	0.00340671	0.003	0.01	475.554	223.233	56	749	
7.75	8	8	7	3	4	127	63611	127	62619	0.00514961	0.00324179	0.003	0.01	493.063	258.618	12	749	
7.75	8	21	8	1	4	32	17005	32	17005	0.00453125	0.00294009	0.003	0.01	531.406	313.342	56	749	
7.75	8	17	10	1	4	53	23403	51	22748	0.00464706	0.00299882	0.003	0.01	446.039	249.534	56	749	
7.75	8	14	14	1	4	40	14824	44	17820	0.00681818	0.0035258	0.003	0.01	405	335.82	56	749	
7.75	8	4	15	1	4	131	43156	132	44011	0.00628788	0.00543178	0.003	0.017	333.417	237.49	51	749	
7.75	8	17	16	4	4	35	17883	35	17883	0.0054	0.00337116	0.003	0.01	510.943	298.743	56	749	
7.75	8	19	17	1	4	1	56	1	56	0.003	0	0.003	0.003	56	0	56	56	
7.75	8	5	18	10	4	54	25187	54	25187	0.003	0	0.003	0.003	466.426	339.102	53	749	
7.75	8	10	19	12	4	1	56	1	56	0.003	0	0.003	0.003	56	0	56	56	
7.75	8	10	20	7	4	26	11815	22	9443	0.00586364	0.00413228	0.003	0.017	429.227	265.362	56	749	
7.75	8	5	21	1	4	47	28614	48	28686	0.003	0	0.003	0.003	597.625	278.666	56	749	
7.75	8	1	22	3	4	51	18421	53	20215	0.00590566	0.00374301	0.003	0.017	381.415	280.268	32	749	
7.75	8	21	23	6	4	52	34692	52	34692	0.003	0	0.003	0.003	667.154	212.163	56	749	
7.75	8	5	24	5	4	64	39835	63	39553	0.003	0	0.003	0.003	627.825	249.015	56	749	
7.75	8	17	25	6	4	52	24432	52	24432	0.00596154	0.00349207	0.003	0.01	469.846	241.796	56	749	
7.75	8	19	26	4	4	85	23690	87	24100	0.00517241	0.00359006	0.003	0.017	277.011	201.016	45	749	
7.75	8	16	27	1	4	26	6780	25	6724	0.0072	0.0035	0.003	0.01	268.96	256.144	56	749	
7.75	8	3	29	1	4	6	874	2	112	0.01	0.00989949	0.003	0.017	56	0	56	56	
7.75	8	16	30	6	4	42	19047	37	15302	0.00375676	0.0022036	0.003	0.01	413.568	340.315	56	749	
7.75	8	10	31	1	4	2	594	0	0	0	0	0	0	0	0	0	0	
7.75	8	15	32	6	4	16	8775	13	6528	0.00730769	0.00354459	0.003	0.01	502.154	330.191	56	749	
7.75	8	8	33	1	4	3	114	2	97	0.003	0	0.003	0.003	48.5	10.6066	41	56	
7.75	8	10	36	19	4	20	6228	22	7952	0.0065	0.0041833	0.003	0.017	361.455	237.981	56	749	
7.75	8	10	37	21	4	21	7468	21	7468	0.00633333	0.00358236	0.003	0.01	355.619	216.581	56	749	
7.75	8	12	38	1	4	52	23353	54	24851	0.00494444	0.00370322	0.003	0.017	460.204	318.91	56	749	
7.75	8	7	39	1	4	45	19509	43	18011	0.00560465	0.00342358	0.003	0.01	418.86	301.719	56	749	
7.75	8	3	40	3	4	98	42828	100	44326	0.00496	0.00445838	0.003	0.017	443.26	309.628	56	749	
7.75	8	15	41	1	4	31	21040	32	21096	0.003	0	0.003	0.003	659.25	188.456	56	749	
8	8.25	10	1	16	4	20	11497	20	11497	0.003	0	0.003	0.003	574.85	287.238	56	749	
8	8.25	16	3	4	4	6	1304	4	983	0.00475	0.0035	0.003	0.01	245.75	126.5	56	309	
8	8.25	19	4	6	4	105	39904	106	41645	0.00517924	0.00413993	0.003	0.017	392.877	178.993	56	749	
8	8.25	1	5	1	4	87	39075	80	34112	0.005275	0.00329931	0.003	0.01	426.4	252.892	56	749	
8	8.25	21	6	4	4	1	592	0	0	0	0	0	0	0	0	0	0	
8	8.25	8	7	3	4	126	49884	124	48358	0.0048629	0.00310608	0.003	0.01	389.984	255.584	45	749	
8	8.25	21	8	1	4	31	17807	28	15872	0.007	0.00352767	0.003	0.01	566.857	285.551	56	749	
8	8.25	17	10	1	4	30	9099	32	9754	0.0051875	0.0032965	0.003	0.01	304.812	254.19	56	749	
8	8.25	14	14	1	4	54	23842	53	23786	0.00590566	0.00348218	0.003	0.01	448.792	320.604	56	749	
8	8.25	4	15	1	4	115	39267	112	36482	0.006375	0.00478949	0.003	0.017	325.732	252.478	56	749	
8	8.25	17	16	4	4	48	18285	45	16038	0.0044	0.00283164	0.003	0.01	356.4	250.152	56	749	
8	8.25	19	17	1	4	1	56	1	56	0.003	0	0.003	0.003	56	0	56	56	
8	8.25	5	18	10	4	60	28693	60	28693	0.003	0	0.003	0.003	478.217	331.405	56	749	
8	8.25	10	19	12	4	1	64	0	0	0	0	0	0	0	0	0	0	
8	8.25	10	20	7	4	43	16563	43	17579	0.00593023	0.0048863	0.003	0.017	408.814	219.081	56	749	
8	8.25	5	21	1	4	1	56	1	56	0.003	0	0.003	0.003	56	0	56	56	
8	8.25	1	22	3	4	20	7089	21	7523	0.00666667	0.00524722	0.003	0.017	358.238	306.508	56	749	
8	8.25	21	23	6	4	20	13884	20	13884	0.003	0	0.003	0.003	694.2	163.004	56	749	
8	8.25	5	24	5	4	53	23408	55	24439	0.003	0	0.003	0.003	444.345	328.578	56	749	
8	8.25	17	25	6	4	61	25148	60	25092	0.00428333	0.00273143	0.003	0.01	418.2	238.465	18	749	
8	8.25	19	26	4	4	71	24001	71	24001	0.00635211	0.00485827	0.003	0.017	338.042	255.857	56	749	
8	8.25	16	27	1	4	44	18281	44	17804	0.00586364	0.00348145	0.003	0.01	404.636	269.767	56	749	
8	8.25	3	29	1	4	3	168	0	0	0	0	0	0	0	0	0	0	
8	8.25	16	30	6	4	47	18958	51	21954	0.00478431	0.003081	0.003	0.01	430.471	311.417	56	749	
8	8.25	15	32	6	4	27	18025	29	19582	0.00396552	0.00245652	0.003	0.01	675.241	191.999	64	749	
8	8.25	10	36	19	4	18	6218	19	6274	0.00778947	0.00407675	0.003	0.017	330.211	237.97	56	749	
8	8.25	10	37	21	4	40	16439	38	15571	0.00613158	0.00352728	0.003	0.01	409.763	196.584	56	749	
8	8.25	12	38	1	4	105	52067	103	51449	0.0054466	0.00362921	0.003	0.017	499.505	286.146	29	749	
8	8.25	7	39	1	4	50	18583	51	20017	0.00547059	0.00337848	0.003	0.01	392.49	310.085	56	749	
8	8.25	3	40	3	4	101	47064	99	46062	0.00731313	0.00614061	0.003	0.017	465.273	301.621	56	749	
8	8.25	15	41	1	4	24	15423	23	14674	0.003	0	0.003	0.003	638	237.925	56	749	
8.25	8.5	10	1	16	4	24	11548	24	11548	0.003	0	0.003	0.003	481.167	277.61	56	749	
8.25	8.5	5	2	8	4	1	592	0	0	0	0	0	0	0	0	0	0	
8.25	8.5	16	3	4	4	5	280	6	336	0.00766667	0.00361478	0.003	0.01	56	0	56	56	
8.25	8.5	19	4	6	4	99	33583	101	34089	0.00480198	0.00337941	0.003	0.017	337.515	205.917	7	749	
8.25	8.5	1	5	1	4	75	29724	81	34631	0.00559259	0.00340139	0.003	0.01	427.543	249.337	56	749	
8.25	8.5	8	7	3	4	64	20396	64	22136	0.00540625	0.00335099	0.003	0.01	345.875	308.119	56	749	
8.25	8.5	21	8	1	4	53	24966	55	26512	0.00630909	0.003527	0.003	0.01	482.036	267.419	56	749	
8.25	8.5	17	10	1	4	43	16660	43	16660	0.00430232	0.00275625	0.003	0.01	387.442	304.543	56	749	
8.25	8.5	15	12	4	4	1	592	0	0	0	0	0	0	0	0	0	0	
8.25	8.5	14	14	1	4	47	18610	48	18666	0.005625	0.00342472	0.003	0.01	388.875	339.33	56	749	
8.25	8.5	4	15	1	4	128	44293	131	45949	0.00647328	0.00544812	0.003	0.017	350.756	256.917	38	749	
8.25	8.5	17	16	4	4	43	22861	46	25108	0.00391304	0.00238352	0.003	0.01	545.826	306.793	56	749	
8.25	8.5	19	17	1	4	1	56	0	0	0	0	0	0	0	0	0	0	
8.25	8.5	5	18	10	4	56	24706	55	24650	0.003	0	0.003	0.003	448.182	337.256	56	749	
8.25	8.5	10	20	7	4	30	10502	34	11858	0.00588235	0.00389844	0.003	0.017	348.765	235.65	50	749	
8.25	8.5	1	22	3	4	21	4182	19	4004	0.00631579	0.00428243	0.003	0.017	210.737	215.099	34	749	
8.25	8.5	21	23	6	4	49	33077	47	31579	0.003	0	0.003	0.003	671.894	193.8	64	749	
8.25	8.5	5	24	5	4	57	24280	57	24280	0.003	0	0.003	0.003	425.965	342.11	56	749	
8.25	8.5	17	25	6	4	72	36240	71	35598	0.00497183	0.00317117	0.003	0.01	501.38	245.63	56	749	
8.25	8.5	19	26	4	4	59	22197	59	22197	0.00513559	0.00373454	0.003	0.017	376.22	235.994	56	749	
8.25	8.5	16	27	1	4	26	9528	26	10005	0.00676923	0.00355874	0.003	0.01	384.808	272.722	56	749	
8.25	8.5	3	29	1	4	1	56	0	0	0	0	0	0	0	0	0	0	
8.25	8.5	16	30	6	4	56	31496	57	32245	0.00410526	0.00257519	0.003	0.01	565.702	270.038	56	749	
8.25	8.5	15	32	6	4	50	32973	49	32605	0.006	0.0035	0.003	0.01	665.408	184.011	35	749	
8.25	8.5	10	36	19	4	16	6811	15	6755	0.00953333	0.00559166	0.003	0.017	450.333	307.306	56	749	
8.25	8.5	10	37	21	4	29	9257	31	10125	0.00503226	0.0032299	0.003	0.01	326.613	187.812	56	749	
8.25	8.5	12	38	1	4	121	54545	122	54560	0.00535246	0.00366787	0.003	0.017	447.213	259.353	5	749	
8.25	8.5	7	39	1	4	90	50555	91	50619	0.005	0.0031798	0.003	0.01	556.253	252.264	24	749	
8.25	8.5	3	40	3	4	102	42984	104	43986	0.00690385	0.00541576	0.003	0.017	422.942	273.538	56	749	
8.25	8.5	15	41	1	4	9	5788	10	6537	0.003	0	0.003	0.003	653.7	224.841	56	749	
8.5	8.75	10	1	16	4	22	12740	22	12740	0.003	0	0.003	0.003	579.091	296.058	56	749	
8.5	8.75	16	3	4	4	6	336	7	392	0.008	0.00341565	0.003	0.01	56	0	56	56	
8.5	8.75	19	4	6	4	55	18564	55	18564	0.0058	0.00478191	0.003	0.017	337.527	229.125	56	749	
8.5	8.75	1	5	1	4	80	32893	80	32480	0.00545	0.00335985	0.003	0.01	406	235.184	56	749	
8.5	8.75	8	7	3	4	62	23693	64	24471	0.00529687	0.0033127	0.003	0.01	382.359	311.75	56	749	
8.5	8.75	21	8	1	4	26	10870	26	10870	0.00353846	0.00190223	0.003	0.01	418.077	300.493	56	749	
8.5	8.75	17	10	1	4	51	19965	51	19965	0.00341176	0.00166345	0.003	0.01	391.471	330.612	54	749	
8.5	8.75	14	13	6	4	1	592	1	592	0.003	0	0.003	0.003	592	0	592	592	
8.5	8.75	14	14	1	4	68	28119	67	28063	0.00592537	0.00347856	0.003	0.01	418.851	300.805	56	749	
8.5	8.75	4	15	1	4	140	48417	139	47411	0.00592086	0.00483356	0.003	0.017	341.086	222.763	56	749	
8.5	8.75	17	16	4	4	59	32313	59	32313	0.00442373	0.00284183	0.003	0.01	547.678	298.639	15	749	
8.5	8.75	5	18	10	4	37	19398	35	18593	0.003	0	0.003	0.003	531.229	311.846	56	749	
8.5	8.75	10	20	7	4	31	10449	31	10449	0.00570968	0.00430653	0.003	0.017	337.065	184.079	56	749	
8.5	8.75	5	21	1	4	48	29092	48	29092	0.003	0	0.003	0.003	606.083	271.828	56	749	
8.5	8.75	1	22	3	4	37	7323	37	7323	0.00697297	0.00421957	0.003	0.017	197.919	209.952	56	717	
8.5	8.75	21	23	6	4	88	58675	88	58987	0.003	0	0.003	0.003	670.307	198.68	56	749	
8.5	8.75	5	24	5	4	74	36316	74	36316	0.003	0	0.003	0.003	490.757	324.609	54	749	
8.5	8.75	17	25	6	4	47	20138	47	19698	0.00553191	0.00339981	0.003	0.01	419.106	307.84	23	749	
8.5	8.75	19	26	4	4	67	24170	61	22540	0.00655738	0.00505148	0.003	0.017	369.508	231.46	56	749	
8.5	8.75	16	27	1	4	28	8341	28	8341	0.006	0.00352767	0.003	0.01	297.893	250.479	56	749	
8.5	8.75	3	29	1	4	1	56	1	56	0.003	0	0.003	0.003	56	0	56	56	
8.5	8.75	16	30	6	4	44	24001	42	22503	0.00366667	0.00207971	0.003	0.01	535.786	304.366	56	749	
8.5	8.75	15	32	6	4	54	31541	55	31850	0.00516364	0.00326465	0.003	0.01	579.091	241.166	64	749	
8.5	8.75	10	36	19	4	35	15134	36	15190	0.00747222	0.00506239	0.003	0.017	421.944	278.53	56	749	
8.5	8.75	10	37	21	4	28	8720	28	8720	0.005	0.00322031	0.003	0.01	311.429	171.98	56	749	
8.5	8.75	12	38	1	4	53	25401	54	26230	0.00766667	0.00471049	0.003	0.017	485.741	276.077	9	749	
8.5	8.75	7	39	1	4	76	41265	75	41209	0.00496	0.00316416	0.003	0.01	549.453	234.785	56	749	
8.5	8.75	3	40	3	4	75	34751	75	34751	0.00477333	0.00383291	0.003	0.017	463.347	284.873	56	749	
8.5	8.75	15	41	1	4	64	43059	63	42310	0.003	0	0.003	0.003	671.587	179.924	56	749	
8.75	9	10	1	16	4	22	12090	22	12090	0.003	0	0.003	0.003	549.545	287.229	56	749	
8.75	9	16	3	4	4	4	232	3	168	0.00533333	0.00404145	0.003	0.01	56	0	56	56	
8.75	9	19	4	6	4	71	29422	70	29366	0.0051	0.00344375	0.003	0.017	419.514	287.654	56	749	
8.75	9	1	5	1	4	58	23010	58	23177	0.00722414	0.00345418	0.003	0.01	399.603	309.617	56	749	
8.75	9	8	7	3	4	85	42979	82	41092	0.00504878	0.00320456	0.003	0.01	501.122	268.976	26	749	
8.75	9	21	8	1	4	35	11910	35	11958	0.0046	0.0029823	0.003	0.01	341.657	310.311	56	749	
8.75	9	17	10	1	4	48	20817	47	20761	0.0046383	0.00299583	0.003	0.01	441.723	304.074	16	749	
8.75	9	14	14	1	4	50	20780	51	20836	0.00560784	0.00341806	0.003	0.01	408.549	315.885	56	749	
8.75	9	4	15	1	4	145	54657	148	56956	0.0065	0.00519615	0.003	0.017	384.838	236.501	56	749	
8.75	9	17	16	4	4	39	12122	37	10624	0.00432432	0.00277943	0.003	0.01	287.135	257.892	56	749	
8.75	9	5	18	10	4	19	6011	20	6067	0.003	0	0.003	0.003	303.35	326.537	56	749	
8.75	9	10	20	7	4	27	11030	27	11030	0.00481481	0.00367985	0.003	0.017	408.519	265.888	56	749	
8.75	9	5	21	1	4	69	39854	68	39645	0.003	0	0.003	0.003	583.015	291.56	56	749	
8.75	9	1	22	3	4	24	4694	24	4694	0.005625	0.00346175	0.003	0.01	195.583	216.187	56	749	
8.75	9	21	23	6	4	83	54433	83	54121	0.003	0	0.003	0.003	652.06	212.06	56	749	
8.75	9	5	24	5	4	54	24651	54	24651	0.003	0	0.003	0.003	456.5	336.446	56	749	
8.75	9	17	25	6	4	38	15487	40	16625	0.0051	0.00324867	0.003	0.01	415.625	318.24	56	749	
8.75	9	19	26	4	4	76	26065	77	24572	0.00527273	0.00384104	0.003	0.017	319.117	211.128	24	749	
8.75	9	16	27	1	4	27	8198	27	8190	0.00611111	0.00354459	0.003	0.01	303.333	295.861	10	749	
8.75	9	3	29	1	4	2	594	0	0	0	0	0	0	0	0	0	0	
8.75	9	16	30	6	4	38	16409	40	17907	0.004575	0.00296031	0.003	0.01	447.675	289.881	56	749	
8.75	9	15	32	6	4	83	46201	84	46950	0.00466667	0.00299933	0.003	0.01	558.929	227.032	110	749	
8.75	9	8	33	1	4	1	56	0	0	0	0	0	0	0	0	0	0	
8.75	9	10	36	19	4	20	7411	19	7254	0.00705263	0.00424884	0.003	0.017	381.789	277.402	56	749	
8.75	9	10	37	21	4	20	8648	20	8648	0.0044	0.00287274	0.003	0.01	432.4	262.795	56	749	
8.75	9	12	38	1	4	46	24831	44	23773	0.00761364	0.00451466	0.003	0.017	540.295	279.038	56	749	
8.75	9	7	39	1	4	58	34297	55	31357	0.00465454	0.00300135	0.003	0.01	570.127	293.797	56	749	
8.75	9	3	40	3	4	89	39774	88	39718	0.00467045	0.00335529	0.003	0.017	451.341	312.62	56	749	
8.75	9	15	41	1	4	13	8967	14	9716	0.003	0	0.003	0.003	694	157.336	180	749	
9	9.25	10	1	16	4	18	11385	15	10385	0.00393333	0.00246306	0.003	0.01	692.333	180.62	56	749	
9	9.25	16	3	4	4	3	809	2	594	0.003	0	0.003	0.003	297	39.598	269	325	
9	9.25	19	4	6	4	97	26383	96	25933	0.00351042	0.00209257	0.003	0.017	270.135	100.533	24	749	
9	9.25	1	5	1	4	53	16684	54	17526	0.0077963	0.00426207	0.003	0.017	324.556	324.81	56	749	
9	9.25	8	7	3	4	133	59763	135	61682	0.00471111	0.00301951	0.003	0.01	456.904	272.586	20	749	
9	9.25	21	8	1	4	38	7552	37	7496	0.00337838	0.0016047	0.003	0.01	202.595	251.895	56	749	
9	9.25	7	9	4	4	1	60	0	0	0	0	0	0	0	0	0	0	
9	9.25	17	10	1	4	34	13956	35	14012	0.0062	0.00353803	0.003	0.01	400.343	312.725	56	749	
9	9.25	7	11	6	4	1	60	0	0	0	0	0	0	0	0	0	0	
9	9.25	14	14	1	4	78	32184	77	32128	0.00518182	0.00326354	0.003	0.01	417.247	308.799	56	749	
9	9.25	4	15	1	4	148	59733	148	60177	0.00597973	0.0042498	0.003	0.017	406.601	221.01	56	749	
9	9.25	17	16	4	4	41	9680	42	11066	0.0045	0.0029071	0.003	0.01	263.476	204.29	14	749	
9	9.25	19	17	1	4	1	60	1	60	0.003	0	0.003	0.003	60	0	60	60	
9	9.25	5	18	10	4	25	12322	25	12322	0.003	0	0.003	0.003	492.88	328.4	43	749	
9	9.25	10	19	12	4	1	56	1	56	0.003	0	0.003	0.003	56	0	56	56	
9	9.25	10	20	7	4	38	14677	36	14059	0.00669444	0.00515375	0.003	0.017	390.528	253.015	56	749	
9	9.25	5	21	1	4	41	18862	42	19071	0.003	0	0.003	0.003	454.071	337.138	56	749	
9	9.25	1	22	3	4	9	3506	10	3562	0.01	0.00737865	0.003	0.017	356.2	344.046	17	749	
9	9.25	21	23	6	4	80	50532	81	51974	0.003	0	0.003	0.003	641.654	241.68	56	749	
9	9.25	5	24	5	4	60	27955	60	27955	0.003	0	0.003	0.003	465.917	339.238	25	749	
9	9.25	17	25	6	4	34	9642	33	9253	0.00554545	0.00341953	0.003	0.01	280.394	226.83	56	749	
9	9.25	19	26	4	4	103	25108	108	28231	0.00565741	0.00530414	0.003	0.024	261.398	198.27	4	749	
9	9.25	16	27	1	4	87	39836	86	38962	0.00503488	0.00319723	0.003	0.01	453.047	220.309	42	749	
9	9.25	14	28	4	4	1	60	0	0	0	0	0	0	0	0	0	0	
9	9.25	16	30	6	4	92	47591	92	47591	0.00330435	0.00143534	0.003	0.01	517.293	248.795	56	749	
9	9.25	15	32	6	4	118	60706	116	59697	0.00505172	0.00320012	0.003	0.01	514.629	235.793	56	749	
9	9.25	10	36	19	4	14	6318	14	5726	0.0075	0.00348072	0.003	0.01	409	318.911	56	749	
9	9.25	10	37	21	4	25	9899	25	9899	0.00552	0.00342929	0.003	0.01	395.96	237.019	29	749	
9	9.25	12	38	1	4	13	6699	15	7757	0.00766667	0.00506623	0.003	0.017	517.133	246.64	56	749	
9	9.25	7	39	1	4	50	25000	54	27996	0.00481481	0.0030964	0.003	0.01	518.444	216.526	35	749	
9	9.25	3	40	3	4	120	62731	121	62787	0.0032314	0.00125672	0.003	0.01	518.901	316.062	56	749	
9.25	9.5	16	3	4	4	2	1186	2	1186	0.01	0	0.01	0.01	593	220.617	437	749	
9.25	9.5	19	4	6	4	114	36817	114	36547	0.00428947	0.00302709	0.003	0.017	320.588	186.039	7	749	
9.25	9.5	1	5	1	4	61	21010	61	21163	0.0057541	0.00344797	0.003	0.01	346.934	279.98	56	749	
9.25	9.5	8	7	3	4	23	7907	23	7214	0.00726087	0.00349308	0.003	0.01	313.652	294.987	30	749	
9.25	9.5	21	8	1	4	42	10207	42	9514	0.003	0	0.003	0.003	226.524	281.861	56	749	
9.25	9.5	7	9	4	4	1	56	0	0	0	0	0	0	0	0	0	0	
9.25	9.5	17	10	1	4	72	37479	71	37423	0.00329577	0.00141819	0.003	0.01	527.085	289.815	56	749	
9.25	9.5	14	14	1	4	102	51550	99	48610	0.00625252	0.0052262	0.003	0.017	491.01	285.579	56	749	
9.25	9.5	4	15	1	4	172	60110	172	59838	0.00523837	0.00432944	0.003	0.017	347.895	202.091	56	749	
9.25	9.5	17	16	4	4	66	31853	67	31965	0.00331343	0.00145861	0.003	0.01	477.09	325.662	56	749	
9.25	9.5	19	17	1	4	11	1905	10	1704	0.0044	0.00295146	0.003	0.01	170.4	37.1908	83	201	
9.25	9.5	5	18	10	4	49	22587	48	21838	0.003	0	0.003	0.003	454.958	325.214	56	749	
9.25	9.5	10	19	12	4	1	64	0	0	0	0	0	0	0	0	0	0	
9.25	9.5	10	20	7	4	45	18693	45	18432	0.00471111	0.00304229	0.003	0.01	409.6	204.661	56	749	
9.25	9.5	5	21	1	4	30	12650	30	12650	0.003	0	0.003	0.003	421.667	338.519	56	749	
9.25	9.5	1	22	3	4	30	11426	30	11426	0.00533333	0.00335624	0.003	0.01	380.867	258.254	56	749	
9.25	9.5	21	23	6	4	73	40913	72	39471	0.003	0	0.003	0.003	548.208	301.414	56	749	
9.25	9.5	5	24	5	4	61	31140	61	31140	0.003	0	0.003	0.003	510.492	318.7	56	749	
9.25	9.5	17	25	6	4	60	22194	61	22583	0.00460656	0.00296804	0.003	0.01	370.213	242.564	56	749	
9.25	9.5	19	26	4	4	85	27001	81	25253	0.0042963	0.00295146	0.003	0.017	311.765	208.665	157	749	
9.25	9.5	16	27	1	4	70	32000	72	32938	0.00465278	0.0029937	0.003	0.01	457.472	215.148	29	749	
9.25	9.5	16	30	6	4	51	23354	51	23354	0.003	0	0.003	0.003	457.922	338.965	54	749	
9.25	9.5	15	32	6	4	97	54852	98	55112	0.00492857	0.00330027	0.003	0.017	562.367	222.38	64	749	
9.25	9.5	10	36	19	4	27	10923	28	11672	0.00625	0.00403343	0.003	0.017	416.857	285.498	56	749	
9.25	9.5	10	37	21	4	23	9890	23	9890	0.00665217	0.00357528	0.003	0.01	430	291.583	56	749	
9.25	9.5	3	40	3	4	147	76931	147	76931	0.003	0	0.003	0.003	523.34	319.511	56	749	
9.5	9.75	16	3	4	4	10	3564	7	1989	0.003	0	0.003	0.003	284.143	166.805	23	469	
9.5	9.75	19	4	6	4	92	32610	94	33386	0.00434042	0.00276908	0.003	0.01	355.17	218.678	56	749	
9.5	9.75	1	5	1	4	74	34343	69	29905	0.00482609	0.00309628	0.003	0.01	433.406	264.709	30	749	
9.5	9.75	8	7	3	4	41	11175	41	11175	0.00658536	0.00354243	0.003	0.01	272.561	279.047	56	749	
9.5	9.75	21	8	1	4	1	56	1	56	0.003	0	0.003	0.003	56	0	56	56	
9.5	9.75	17	10	1	4	51	27539	52	27595	0.00434615	0.00278571	0.003	0.01	530.673	318.228	56	749	
9.5	9.75	14	14	1	4	83	42099	84	42848	0.00591667	0.00500411	0.003	0.017	510.095	299.646	56	749	
9.5	9.75	4	15	1	4	100	38082	95	34670	0.00668421	0.00557781	0.003	0.017	364.947	271.016	56	749	
9.5	9.75	17	16	4	4	42	22254	42	22254	0.0035	0.00182463	0.003	0.01	529.857	315.048	56	749	
9.5	9.75	19	17	1	4	5	280	5	280	0.003	0	0.003	0.003	56	0	56	56	
9.5	9.75	5	18	10	4	21	6067	21	6067	0.003	0	0.003	0.003	288.905	322.612	27	749	
9.5	9.75	10	20	7	4	22	11584	20	9467	0.00545	0.00342552	0.003	0.01	473.35	326.232	56	749	
9.5	9.75	5	21	1	4	30	14373	30	14373	0.003	0	0.003	0.003	479.1	334.513	56	749	
9.5	9.75	1	22	3	4	26	11836	26	11836	0.00542308	0.00339615	0.003	0.01	455.231	296.793	56	749	
9.5	9.75	21	23	6	4	97	48216	99	49714	0.003	0	0.003	0.003	502.162	326.223	53	749	
9.5	9.75	5	24	5	4	69	41416	69	41416	0.003	0	0.003	0.003	600.232	269.318	56	749	
9.5	9.75	17	25	6	4	59	26597	59	26597	0.00549152	0.00406148	0.003	0.017	450.797	280.018	25	749	
9.5	9.75	19	26	4	4	105	38703	106	39732	0.00504717	0.00409502	0.003	0.017	374.83	242.526	56	749	
9.5	9.75	16	27	1	4	67	32426	65	31185	0.00526154	0.00329904	0.003	0.01	479.769	225.566	56	749	
9.5	9.75	3	29	1	4	1	56	0	0	0	0	0	0	0	0	0	0	
9.5	9.75	16	30	6	4	42	17560	42	17560	0.003	0	0.003	0.003	418.095	339.248	53	749	
9.5	9.75	15	32	6	4	54	28876	54	28876	0.00611111	0.0046446	0.003	0.017	534.741	254.213	56	749	
9.5	9.75	10	36	19	4	21	9187	21	9187	0.00633333	0.0042111	0.003	0.017	437.476	302.973	8	749	
9.5	9.75	10	37	21	4	31	12763	29	11297	0.00517241	0.00329577	0.003	0.01	389.552	213.152	56	749	
9.5	9.75	3	40	3	4	122	49251	120	47753	0.003	0	0.003	0.003	397.942	340.443	27	749	
9.75	10	16	3	4	4	3	658	6	2593	0.0065	0.00383406	0.003	0.01	432.167	293.954	64	749	
9.75	10	19	4	6	4	93	34011	89	31871	0.00370786	0.00259458	0.003	0.017	358.101	242.275	43	749	
9.75	10	1	5	1	4	59	28904	64	33342	0.00595312	0.00348434	0.003	0.01	520.969	261.017	56	749	
9.75	10	8	7	3	4	66	15910	65	15854	0.00590769	0.00347636	0.003	0.01	243.908	290.126	27	749	
9.75	10	7	9	4	4	1	64	0	0	0	0	0	0	0	0	0	0	
9.75	10	17	10	1	4	58	30624	58	30624	0.00396552	0.00243487	0.003	0.01	528	299.414	56	749	
9.75	10	14	14	1	4	11	3173	13	4671	0.00784615	0.00525747	0.003	0.017	359.308	341.219	56	749	
9.75	10	4	15	1	4	105	37402	110	40787	0.0065	0.00558955	0.003	0.017	370.791	297.079	15	749	
9.75	10	17	16	4	4	46	24037	46	24037	0.00436956	0.0028076	0.003	0.01	522.543	309.987	56	749	
9.75	10	19	17	1	4	8	448	8	448	0.005625	0.00520817	0.003	0.017	56	0	56	56	
9.75	10	5	18	10	4	30	5976	28	5638	0.003	0	0.003	0.003	201.357	265.763	56	749	
9.75	10	10	20	7	4	8	955	12	3951	0.00766667	0.00344656	0.003	0.01	329.25	345.51	27	749	
9.75	10	5	21	1	4	5	280	5	280	0.003	0	0.003	0.003	56	0	56	56	
9.75	10	1	22	3	4	35	18609	34	18140	0.00608823	0.00352796	0.003	0.01	533.529	248.481	56	749	
9.75	10	21	23	6	4	115	56962	113	55464	0.003	0	0.003	0.003	490.832	329.629	56	749	
9.75	10	5	24	5	4	66	30807	66	30807	0.003	0	0.003	0.003	466.773	326.107	56	749	
9.75	10	17	25	6	4	50	27597	49	26848	0.00514286	0.00355903	0.003	0.017	547.918	289.958	56	749	
9.75	10	19	26	4	4	96	39397	99	40116	0.00519192	0.00431816	0.003	0.017	405.212	252.757	13	749	
9.75	10	16	27	1	4	69	32434	71	33675	0.00497183	0.00317117	0.003	0.01	474.296	195.623	56	749	
9.75	10	3	29	1	4	1	56	0	0	0	0	0	0	0	0	0	0	
9.75	10	16	30	6	4	39	15639	38	15583	0.003	0	0.003	0.003	410.079	343.289	56	749	
9.75	10	10	31	1	4	1	592	0	0	0	0	0	0	0	0	0	0	
9.75	10	15	32	6	4	68	35575	63	33909	0.00666667	0.0053128	0.003	0.017	538.238	276.833	55	749	
9.75	10	10	36	19	4	13	4087	9	2027	0.00611111	0.00368932	0.003	0.01	225.222	247.547	56	749	
9.75	10	10	37	21	4	23	7521	25	8987	0.00496	0.0032078	0.003	0.01	359.48	205.027	56	749	
9.75	10	3	40	3	4	118	43876	120	45374	0.003	0	0.003	0.003	378.117	343.365	54	749	
9.75	10	15	41	1	4	1	592	1	592	0.003	0	0.003	0.003	592	0	592	592	
10	10.25	10	1	16	4	2	594	0	0	0	0	0	0	0	0	0	0	
10	10.25	19	4	6	4	93	38326	95	38968	0.00476842	0.00305779	0.003	0.01	410.189	246.726	21	749	
10	10.25	1	5	1	4	85	38439	87	39244	0.00557471	0.00339504	0.003	0.01	451.08	268.217	56	749	
10	10.25	21	6	4	4	1	592	0	0	0	0	0	0	0	0	0	0	
10	10.25	8	7	3	4	67	20103	67	20796	0.00592537	0.00347856	0.003	0.01	310.388	285.254	27	749	
10	10.25	17	10	1	4	59	33173	59	33173	0.00454237	0.00292623	0.003	0.01	562.254	284.993	25	749	
10	10.25	4	15	1	4	134	45801	136	46606	0.00619118	0.00510267	0.003	0.017	342.691	264.701	56	749	
10	10.25	17	16	4	4	52	24165	51	23416	0.00341176	0.00166345	0.003	0.01	459.137	291.286	56	749	
10	10.25	19	17	1	4	3	168	2	112	0.003	0	0.003	0.003	56	0	56	56	
10	10.25	5	18	10	4	52	12748	52	12748	0.003	0	0.003	0.003	245.154	286.766	56	749	
10	10.25	10	20	7	4	29	10983	29	10983	0.00517241	0.00329577	0.003	0.01	378.724	205.431	56	749	
10	10.25	1	22	3	4	14	3844	14	3844	0.0055	0.00348072	0.003	0.01	274.571	233.4	56	749	
10	10.25	21	23	6	4	119	60884	119	60884	0.003	0	0.003	0.003	511.63	325.011	56	749	
10	10.25	5	24	5	4	76	35352	75	35296	0.003	0	0.003	0.003	470.613	334.878	54	749	
10	10.25	17	25	6	4	58	29803	58	29803	0.00444827	0.00286033	0.003	0.01	513.845	289.761	19	749	
10	10.25	19	26	4	4	76	33381	75	32632	0.00561333	0.0044232	0.003	0.017	435.093	280.066	56	749	
10	10.25	16	27	1	4	47	22158	47	22158	0.00597872	0.00349838	0.003	0.01	471.447	260.833	56	749	
10	10.25	3	29	1	4	1	56	0	0	0	0	0	0	0	0	0	0	
10	10.25	16	30	6	4	36	15784	37	15840	0.003	0	0.003	0.003	428.108	339.373	56	749	
10	10.25	15	32	6	4	76	39281	81	41204	0.00680247	0.00575634	0.003	0.017	508.691	293.099	56	749	
10	10.25	9	34	1	4	1	592	0	0	0	0	0	0	0	0	0	0	
10	10.25	10	36	19	4	18	5444	22	7504	0.00554545	0.00344656	0.003	0.01	341.091	251.375	56	749	
10	10.25	10	37	21	4	24	9195	24	9195	0.00533333	0.0033708	0.003	0.01	383.125	208.111	56	749	
10	10.25	12	38	1	4	1	592	1	592	0.01	0	0.01	0.01	592	0	592	592	
10	10.25	7	39	1	4	1	592	1	592	0.003	0	0.003	0.003	592	0	592	592	
10	10.25	3	40	3	4	124	51383	121	49136	0.003	0	0.003	0.003	406.083	342.141	56	749	
10.25	10.5	19	4	6	4	83	26961	85	28459	0.0045647	0.00312611	0.003	0.017	334.812	185.514	37	749	
10.25	10.5	1	5	1	4	92	44897	90	43399	0.00486667	0.00311286	0.003	0.01	482.211	293.936	35	749	
10.25	10.5	8	7	3	4	47	16557	45	15744	0.00642222	0.00353868	0.003	0.01	349.867	287.294	56	749	
10.25	10.5	21	8	1	4	1	592	1	592	0.003	0	0.003	0.003	592	0	592	592	
10.25	10.5	7	9	4	4	1	64	0	0	0	0	0	0	0	0	0	0	
10.25	10.5	17	10	1	4	64	34292	64	34292	0.00398437	0.00245268	0.003	0.01	535.813	277.728	56	749	
10.25	10.5	4	15	1	4	84	34562	84	34562	0.00658333	0.00548647	0.003	0.017	411.452	267.074	56	749	
10.25	10.5	17	16	4	4	49	25255	49	25535	0.00385714	0.0023184	0.003	0.01	521.122	311.005	56	749	
10.25	10.5	19	17	1	4	16	1270	16	1270	0.005625	0.00433397	0.003	0.017	79.375	42.3491	56	157	
10.25	10.5	5	18	10	4	19	4880	18	4161	0.003	0	0.003	0.003	231.167	298.413	56	749	
10.25	10.5	10	20	7	4	28	12754	27	12698	0.00611111	0.00354459	0.003	0.01	470.296	250.937	15	749	
10.25	10.5	1	22	3	4	24	11232	24	11232	0.00533333	0.0033708	0.003	0.01	468	329.01	27	749	
10.25	10.5	21	23	6	4	100	42035	101	43477	0.003	0	0.003	0.003	430.465	337.721	27	749	
10.25	10.5	5	24	5	4	103	46222	104	46278	0.003	0	0.003	0.003	444.981	334.73	56	749	
10.25	10.5	17	25	6	4	56	33450	56	34032	0.00375	0.00218466	0.003	0.01	607.714	269.193	56	749	
10.25	10.5	19	26	4	4	61	21327	60	21126	0.0065	0.00554336	0.003	0.017	352.1	260.793	24	749	
10.25	10.5	16	27	1	4	54	21793	53	21737	0.00564151	0.00342555	0.003	0.01	410.132	241.464	56	749	
10.25	10.5	3	29	1	4	1	56	0	0	0	0	0	0	0	0	0	0	
10.25	10.5	16	30	6	4	38	15952	38	15952	0.003	0	0.003	0.003	419.789	341.556	56	749	
10.25	10.5	15	32	6	4	18	6378	14	4770	0.007	0.00596141	0.003	0.017	340.714	307.177	56	749	
10.25	10.5	13	35	1	4	2	648	1	56	0.003	0	0.003	0.003	56	0	56	56	
10.25	10.5	10	36	19	4	22	8225	21	8161	0.00766667	0.00557076	0.003	0.017	388.619	281.61	56	749	
10.25	10.5	10	37	21	4	27	10489	26	10433	0.00542308	0.00339615	0.003	0.01	401.269	228.004	28	749	
10.25	10.5	3	40	3	4	123	51459	126	53706	0.00305555	0.00062361	0.003	0.01	426.238	342.955	56	749	
10.5	10.75	19	4	6	4	58	24223	56	23525	0.005125	0.00351135	0.003	0.017	420.089	256.384	56	749	
10.5	10.75	1	5	1	4	76	36944	78	38442	0.0044359	0.00284486	0.003	0.01	492.846	275.734	36	749	
10.5	10.75	8	7	3	4	32	9262	33	9326	0.00681818	0.00353955	0.003	0.01	282.606	259.76	56	749	
10.5	10.75	17	10	1	4	54	21743	54	21743	0.00377778	0.00222054	0.003	0.01	402.648	328.745	56	749	
10.5	10.75	14	13	6	4	1	592	1	592	0.003	0	0.003	0.003	592	0	592	592	
10.5	10.75	4	15	1	4	56	15978	55	15653	0.00694545	0.0055157	0.003	0.017	284.6	248.502	56	749	
10.5	10.75	17	16	4	4	70	38438	70	38610	0.0036	0.00197374	0.003	0.01	551.571	265.967	56	749	
10.5	10.75	19	17	1	4	23	4350	23	4350	0.00726087	0.00723135	0.003	0.024	189.13	207.66	56	749	
10.5	10.75	5	18	10	4	25	4141	24	4085	0.003	0	0.003	0.003	170.208	242.435	56	749	
10.5	10.75	10	20	7	4	27	11568	28	11624	0.006	0.00352767	0.003	0.01	415.143	249.483	56	749	
10.5	10.75	5	21	1	4	1	592	1	592	0.003	0	0.003	0.003	592	0	592	592	
10.5	10.75	1	22	3	4	26	12746	25	12690	0.00468	0.00305123	0.003	0.01	507.6	282.646	56	749	
10.5	10.75	21	23	6	4	89	31614	89	31614	0.003	0	0.003	0.003	355.213	341.046	53	749	
10.5	10.75	5	24	5	4	99	46595	99	46595	0.003	0	0.003	0.003	470.657	337.986	25	749	
10.5	10.75	17	25	6	4	70	41482	70	40900	0.0038	0.00224319	0.003	0.01	584.286	285.334	56	749	
10.5	10.75	19	26	4	4	35	14860	37	15810	0.00791892	0.0056832	0.003	0.017	427.297	307.684	56	749	
10.5	10.75	16	27	1	4	35	11208	35	11208	0.0066	0.00354965	0.003	0.01	320.229	317.428	56	749	
10.5	10.75	16	30	6	4	41	18271	41	18271	0.003	0	0.003	0.003	445.634	345.74	56	749	
10.5	10.75	15	32	6	4	22	4082	25	4250	0.00636	0.00457238	0.003	0.017	170	232.008	56	749	
10.5	10.75	8	33	1	4	1	592	0	0	0	0	0	0	0	0	0	0	
10.5	10.75	10	36	19	4	35	19492	36	19556	0.00591667	0.00387943	0.003	0.017	543.222	284.522	56	749	
10.5	10.75	10	37	21	4	27	11621	28	11677	0.00625	0.00355512	0.003	0.01	417.036	230.438	56	749	
10.5	10.75	3	40	3	4	122	51067	122	51067	0.003	0	0.003	0.003	418.582	340.916	56	749	
