% start	end	CellId	IMSI	RNTI	LCID	nTxPDUs	TxBytes	nRxPDUs	RxBytes	delay	stdDev	min	max	PduSize	stdDev	min	max
3	3.25	10	1	16	4	13	2080	13	2080	0.00686813	0.00336269	0.00471429	0.0117143	160	108.965	18	373	
3	3.25	5	2	8	4	11	3902	11	3902	0.00471429	0	0.00471429	0.00471429	354.727	317.153	56	749	
3	3.25	16	3	4	4	12	2022	12	2022	0.00529762	0.00202073	0.00471429	0.0117143	168.5	191.174	56	648	
3	3.25	19	4	6	4	12	2024	12	2024	0.00529762	0.00202073	0.00471429	0.0117143	168.667	200.335	16	648	
3	3.25	1	5	1	4	14	3908	13	3852	0.00471429	0	0.00471429	0.00471429	296.308	219.745	56	749	
3	3.25	21	6	4	4	14	3908	13	3795	0.00632967	0.00419401	0.00471429	0.0187143	291.923	245.601	56	839	
3	3.25	8	7	3	4	9	3846	8	3097	0.00471429	0	0.00471429	0.00471429	387.125	267.733	60	749	
3	3.25	21	8	1	4	13	3906	13	3906	0.00794505	0.00613941	0.00471429	0.0187143	300.462	257.06	56	839	
3	3.25	7	9	4	4	6	513	4	311	0.00471429	0	0.00471429	0.00471429	77.75	27.2198	49	101	
3	3.25	17	10	1	4	16	3916	16	3916	0.00646429	0.0031305	0.00471429	0.0117143	244.75	223.359	56	749	
3	3.25	15	12	4	4	18	2280	16	2086	0.00515179	0.00175	0.00471429	0.0117143	130.375	176.49	15	648	
3	3.25	14	13	6	4	22	2842	20	2096	0.00471429	0	0.00471429	0.00471429	104.8	135.625	4	373	
3	3.25	14	14	1	4	23	2102	23	2102	0.00532298	0.00201673	0.00471429	0.0117143	91.3913	116.36	10	373	
3	3.25	4	15	1	4	13	2078	13	2078	0.00579121	0.00262874	0.00471429	0.0117143	159.846	185.675	56	648	
3	3.25	17	16	4	4	14	3908	13	3852	0.00632967	0.0030697	0.00471429	0.0117143	296.308	222.878	56	749	
3	3.25	19	17	1	4	1	60	1	60	0.00471429	0	0.00471429	0.00471429	60	0	60	60	
3	3.25	5	18	10	4	9	2443	8	2070	0.00558929	0.00247487	0.00471429	0.0117143	258.75	216.512	56	648	
3	3.25	10	19	12	4	10	2020	10	2020	0.00821428	0.00594886	0.00471429	0.0187143	202	99.2964	60	277	
3	3.25	10	20	7	4	11	2074	11	2074	0.0078961	0.00481286	0.00471429	0.0187143	188.545	123.393	56	373	
3	3.25	5	21	1	4	10	2074	10	2074	0.00541429	0.00221359	0.00471429	0.0117143	207.4	113.319	56	373	
3	3.25	1	22	3	4	14	3908	14	3908	0.00471429	0	0.00471429	0.00471429	279.143	213.276	36	648	
3	3.25	21	23	6	4	14	2083	13	1806	0.00579121	0.0038829	0.00471429	0.0187143	138.923	176.619	26	703	
3	3.25	5	24	5	4	13	3910	13	3910	0.00525275	0.00194145	0.00471429	0.0117143	300.769	230.877	56	749	
3	3.25	17	25	6	4	14	3912	14	3912	0.00671429	0.00328165	0.00471429	0.0117143	279.429	227.366	60	749	
3	3.25	19	26	4	4	16	3862	16	3862	0.00690179	0.00421456	0.00471429	0.0187143	241.375	192.248	60	621	
3	3.25	16	27	1	4	20	3905	16	2945	0.00646429	0.0031305	0.00471429	0.0117143	184.062	183.567	56	749	
3	3.25	3	29	1	4	15	3910	14	3854	0.00721429	0.00348072	0.00471429	0.0117143	275.286	226.688	53	839	
3	3.25	16	30	6	4	21	3924	18	3266	0.00588095	0.00268438	0.00471429	0.0117143	181.444	164.088	49	648	
3	3.25	10	31	1	4	15	2084	15	2084	0.00564762	0.00246306	0.00471429	0.0117143	138.933	126.013	13	373	
3	3.25	15	32	6	4	21	3868	21	3868	0.00571429	0.00334664	0.00471429	0.0187143	184.19	138.298	56	405	
3	3.25	8	33	1	4	17	3864	17	3864	0.00636134	0.00464948	0.00471429	0.0187143	227.294	229.233	49	749	
3	3.25	9	34	1	4	17	3864	17	3864	0.00471429	0	0.00471429	0.00471429	227.294	171.131	60	839	
3	3.25	13	35	1	4	12	2076	12	2076	0.00588095	0.00272475	0.00471429	0.0117143	173	159.193	56	648	
3	3.25	10	36	19	4	9	2072	9	2072	0.00938095	0.00494975	0.00471429	0.0187143	230.222	184.686	56	648	
3	3.25	10	37	21	4	8	2016	8	2016	0.00471429	0	0.00471429	0.00471429	252	186.518	60	648	
3	3.25	12	38	1	4	18	3862	18	3862	0.00549206	0.00226367	0.00471429	0.0117143	214.556	183.528	15	648	
3	3.25	7	39	1	4	14	3908	14	3908	0.00621429	0.00298071	0.00471429	0.0117143	279.143	193.067	56	648	
3	3.25	3	40	3	4	15	3912	15	3912	0.00471429	0	0.00471429	0.00471429	260.8	230.407	56	839	
3	3.25	15	41	1	4	17	2830	15	2084	0.00564762	0.00361478	0.00471429	0.0187143	138.933	184.158	15	648	
3.25	3.5	10	1	16	4	48	5467	47	5441	0.00754407	0.00476545	0.00471429	0.0257143	115.766	83.7318	26	277	
3.25	3.5	5	2	8	4	70	19268	68	18866	0.00584664	0.00259681	0.00471429	0.0117143	277.441	120.327	40	749	
3.25	3.5	16	3	4	4	70	5462	67	5385	0.00544563	0.00215731	0.00471429	0.0117143	80.3731	76.5427	18	357	
3.25	3.5	19	4	6	4	71	20500	71	20500	0.00510865	0.0016255	0.00471429	0.0117143	288.732	168.872	24	749	
3.25	3.5	1	5	1	4	91	18845	86	16871	0.00544684	0.00215529	0.00471429	0.0117143	196.174	143.418	56	749	
3.25	3.5	21	6	4	4	70	5369	68	4828	0.00492017	0.0011915	0.00471429	0.0117143	71	83.5105	18	626	
3.25	3.5	8	7	3	4	113	31199	109	30239	0.00561337	0.00235287	0.00471429	0.0117143	277.422	194.223	49	749	
3.25	3.5	21	8	1	4	76	14429	72	14233	0.00597817	0.0035879	0.00471429	0.0187143	197.681	257.238	26	839	
3.25	3.5	7	9	4	4	57	4504	59	4706	0.00483293	0.000911322	0.00471429	0.0117143	79.7627	29.8325	21	253	
3.25	3.5	17	10	1	4	54	11256	52	10804	0.00579121	0.00376697	0.00471429	0.0257143	207.769	152.757	26	749	
3.25	3.5	15	12	4	4	58	4896	55	4789	0.00522338	0.00183457	0.00471429	0.0117143	87.0727	102.431	18	373	
3.25	3.5	14	13	6	4	116	22106	115	22165	0.00526211	0.0018883	0.00471429	0.0117143	192.739	96.7609	3	373	
3.25	3.5	14	14	1	4	103	23298	101	22744	0.00568458	0.00243087	0.00471429	0.0117143	225.188	97.8565	26	373	
3.25	3.5	4	15	1	4	78	24347	74	23335	0.00480888	0.000813733	0.00471429	0.0117143	315.338	124.675	56	533	
3.25	3.5	17	16	4	4	89	16026	85	15474	0.00603193	0.0043867	0.00471429	0.0257143	182.047	162.004	18	749	
3.25	3.5	19	17	1	4	9	1846	9	1846	0.00471429	0	0.00471429	0.00471429	205.111	236.544	66	749	
3.25	3.5	5	18	10	4	70	18435	67	17940	0.00669936	0.00317897	0.00471429	0.0117143	267.761	111.292	22	749	
3.25	3.5	10	19	12	4	23	3816	21	3262	0.00938095	0.00511208	0.00471429	0.0187143	155.333	100.759	32	277	
3.25	3.5	10	20	7	4	61	7913	59	7861	0.00661259	0.00339723	0.00471429	0.0187143	133.237	90.428	26	373	
3.25	3.5	5	21	1	4	68	12728	66	12174	0.00577489	0.00252908	0.00471429	0.0117143	184.455	122.216	26	373	
3.25	3.5	1	22	3	4	156	29365	150	28259	0.00536762	0.00204311	0.00471429	0.0117143	188.393	117.593	56	749	
3.25	3.5	21	23	6	4	34	1796	29	1469	0.0056798	0.00406626	0.00471429	0.0257143	50.6552	28.6808	22	125	
3.25	3.5	5	24	5	4	79	17313	77	17167	0.00680519	0.00322483	0.00471429	0.0117143	222.948	100.856	32	373	
3.25	3.5	17	25	6	4	87	15693	82	14826	0.00582404	0.00388414	0.00471429	0.0257143	180.805	134.076	18	437	
3.25	3.5	19	26	4	4	67	18713	66	18657	0.00513853	0.00168304	0.00471429	0.0117143	282.682	185.614	9	749	
3.25	3.5	16	27	1	4	94	10772	96	11668	0.00646429	0.00351837	0.00471429	0.0187143	121.542	102.979	19	373	
3.25	3.5	3	29	1	4	94	21568	91	20756	0.00548352	0.0022014	0.00471429	0.0117143	228.088	79.066	11	373	
3.25	3.5	16	30	6	4	81	10748	81	11310	0.006097	0.00301483	0.00471429	0.0187143	139.63	124.071	27	749	
3.25	3.5	10	31	1	4	60	6873	59	6824	0.00590073	0.00264884	0.00471429	0.0117143	115.661	83.3217	26	277	
3.25	3.5	15	32	6	4	96	10189	92	10061	0.00562733	0.00237039	0.00471429	0.0117143	109.359	95.4047	32	405	
3.25	3.5	8	33	1	4	83	11436	78	10603	0.00534249	0.00201365	0.00471429	0.0117143	135.936	100.041	49	373	
3.25	3.5	9	34	1	4	16	3708	16	3708	0.00515179	0.00175	0.00471429	0.0117143	231.75	142.612	64	693	
3.25	3.5	13	35	1	4	1	64	1	64	0.00471429	0	0.00471429	0.00471429	64	0	64	64	
3.25	3.5	10	36	19	4	61	7207	60	7181	0.00669762	0.00366611	0.00471429	0.0187143	119.683	81.8402	26	277	
3.25	3.5	10	37	21	4	43	6018	42	5986	0.00721429	0.00403793	0.00471429	0.0187143	142.524	89.5542	10	277	
3.25	3.5	12	38	1	4	107	29996	103	29096	0.00505409	0.00151174	0.00471429	0.0117143	282.485	192.827	47	839	
3.25	3.5	7	39	1	4	158	24883	154	24509	0.00507792	0.00192615	0.00471429	0.0187143	159.149	90.7225	32	621	
3.25	3.5	3	40	3	4	118	27674	114	26742	0.00508271	0.00156998	0.00471429	0.0117143	234.579	91.5869	56	373	
3.25	3.5	15	41	1	4	129	11371	127	12013	0.00504499	0.00194388	0.00471429	0.0187143	94.5906	121.399	18	373	
3.5	3.75	10	1	16	4	78	4422	77	4390	0.00562338	0.00307871	0.00471429	0.0187143	57.013	52.3019	26	277	
3.5	3.75	5	2	8	4	97	17745	98	17946	0.00657143	0.00310636	0.00471429	0.0117143	183.122	68.2293	93	277	
3.5	3.75	16	3	4	4	148	9276	148	9257	0.00523456	0.00184232	0.00471429	0.0117143	62.5473	46.4261	18	201	
3.5	3.75	19	4	6	4	185	42103	181	41275	0.0051397	0.00167704	0.00471429	0.0117143	228.039	113.477	20	749	
3.5	3.75	1	5	1	4	222	32031	224	33401	0.00565179	0.00238937	0.00471429	0.0117143	149.112	86.5437	67	373	
3.5	3.75	21	6	4	4	27	700	27	700	0.00471429	0	0.00471429	0.00471429	25.9259	8.09998	18	49	
3.5	3.75	8	7	3	4	193	62311	194	61888	0.00601325	0.00299452	0.00471429	0.0187143	319.01	194.869	49	749	
3.5	3.75	21	8	1	4	234	23728	234	23314	0.005163	0.00205283	0.00471429	0.0187143	99.6325	115.717	26	517	
3.5	3.75	7	9	4	4	38	2583	37	2516	0.00471429	0	0.00471429	0.00471429	68	19.244	20	97	
3.5	3.75	17	10	1	4	28	4657	25	3958	0.00471429	0	0.00471429	0.00471429	158.32	81.9963	56	269	
3.5	3.75	15	12	4	4	115	3986	119	4114	0.00483193	0.00128338	0.00471429	0.0187143	34.5714	26.0096	10	277	
3.5	3.75	14	13	6	4	142	34643	143	34880	0.00579121	0.00253449	0.00471429	0.0117143	243.916	69.763	18	277	
3.5	3.75	14	14	1	4	150	37361	149	37264	0.00579482	0.0025376	0.00471429	0.0117143	250.094	63.6804	26	373	
3.5	3.75	4	15	1	4	158	52853	161	53809	0.00471429	0	0.00471429	0.00471429	334.217	106.682	56	437	
3.5	3.75	17	16	4	4	101	16094	104	16148	0.00525275	0.00211294	0.00471429	0.0187143	155.269	186.989	18	749	
3.5	3.75	5	18	10	4	102	19978	105	20569	0.00631429	0.00295349	0.00471429	0.0117143	195.895	63.4241	113	277	
3.5	3.75	10	19	12	4	30	3204	29	3155	0.0068867	0.00462191	0.00471429	0.0187143	108.793	88.6701	49	277	
3.5	3.75	10	20	7	4	70	5774	71	5794	0.00658752	0.00457612	0.00471429	0.0187143	81.6056	76.0741	26	277	
3.5	3.75	5	21	1	4	95	17596	94	17527	0.00687386	0.00325049	0.00471429	0.0117143	186.457	73.6967	26	277	
3.5	3.75	1	22	3	4	231	27049	233	27547	0.0052851	0.00191982	0.00471429	0.0117143	118.227	48.2624	83	269	
3.5	3.75	21	23	6	4	110	3617	114	3719	0.00471429	0	0.00471429	0.00471429	32.6228	13.2133	13	125	
3.5	3.75	5	24	5	4	97	17610	95	16648	0.00677744	0.0032084	0.00471429	0.0117143	175.242	79.425	73	277	
3.5	3.75	17	25	6	4	59	5024	58	4345	0.00507635	0.00275744	0.00471429	0.0257143	74.9138	95.1063	18	277	
3.5	3.75	19	26	4	4	110	23390	107	22418	0.00543391	0.00213592	0.00471429	0.0117143	209.514	87.8054	49	373	
3.5	3.75	16	27	1	4	159	12858	158	12775	0.00502441	0.00144496	0.00471429	0.0117143	80.8544	51.1284	32	225	
3.5	3.75	3	29	1	4	232	57921	231	56476	0.0048961	0.00111582	0.00471429	0.0117143	244.485	70.5674	56	597	
3.5	3.75	16	30	6	4	154	13381	155	13396	0.00525622	0.00187685	0.00471429	0.0117143	86.4258	56.7612	32	225	
3.5	3.75	10	31	1	4	79	5824	79	5824	0.0048915	0.00110662	0.00471429	0.0117143	73.7215	33.6429	32	173	
3.5	3.75	15	32	6	4	228	15508	226	14254	0.00533375	0.00229712	0.00471429	0.0187143	63.0708	74.5992	32	373	
3.5	3.75	8	33	1	4	69	9886	73	10486	0.00634442	0.00319942	0.00471429	0.0187143	143.644	106.716	32	373	
3.5	3.75	10	36	19	4	78	4213	77	4181	0.00516883	0.00236502	0.00471429	0.0187143	54.2987	44.0189	26	277	
3.5	3.75	10	37	21	4	75	6192	75	6192	0.00611429	0.00381675	0.00471429	0.0187143	82.56	66.849	26	277	
3.5	3.75	12	38	1	4	215	66880	215	65920	0.00471429	0	0.00471429	0.00471429	306.605	133.323	47	597	
3.5	3.75	7	39	1	4	250	37375	250	37451	0.00471429	0	0.00471429	0.00471429	149.804	76.2819	32	309	
3.5	3.75	3	40	3	4	146	32757	148	32943	0.00471429	0	0.00471429	0.00471429	222.588	51.7228	53	373	
3.5	3.75	15	41	1	4	239	12755	237	11893	0.00500964	0.0014102	0.00471429	0.0117143	50.1814	52.204	18	217	
3.75	4	10	1	16	4	83	3797	84	3792	0.00538095	0.00299933	0.00471429	0.0187143	45.1429	54.1978	26	277	
3.75	4	5	2	8	4	99	20941	98	20588	0.0065	0.00306712	0.00471429	0.0117143	210.082	64.7177	93	277	
3.75	4	16	3	4	4	147	5478	148	5510	0.00485618	0.000989813	0.00471429	0.0117143	37.2297	24.5407	18	201	
3.75	4	19	4	6	4	152	30943	152	31211	0.00517481	0.00174113	0.00471429	0.0117143	205.336	93.4844	49	749	
3.75	4	1	5	1	4	210	34178	210	34450	0.00564762	0.00238523	0.00471429	0.0117143	164.048	93.1945	56	469	
3.75	4	21	6	4	4	85	2624	85	2624	0.00529076	0.00193573	0.00471429	0.0117143	30.8706	23.4017	8	93	
3.75	4	8	7	3	4	101	37963	101	37285	0.00533805	0.0022354	0.00471429	0.0187143	369.158	215.332	56	749	
3.75	4	21	8	1	4	232	18122	229	17941	0.00520337	0.00231246	0.00471429	0.0187143	78.345	75.6198	26	373	
3.75	4	7	9	4	4	35	2201	36	2268	0.00471429	0	0.00471429	0.00471429	63	11.4742	49	85	
3.75	4	17	10	1	4	38	5033	41	5732	0.00471429	0	0.00471429	0.00471429	139.805	72.0525	13	277	
3.75	4	15	12	4	4	56	1602	56	1602	0.00471429	0	0.00471429	0.00471429	28.6071	6.48264	6	32	
3.75	4	14	13	6	4	134	31563	135	31736	0.00554391	0.00227097	0.00471429	0.0117143	235.081	73.8982	18	277	
3.75	4	14	14	1	4	151	35767	151	35587	0.00582687	0.00256786	0.00471429	0.0117143	235.675	79.5266	26	373	
3.75	4	4	15	1	4	158	50427	155	48895	0.00471429	0	0.00471429	0.00471429	315.452	102.089	56	437	
3.75	4	17	16	4	4	73	15055	70	14340	0.00521429	0.00181579	0.00471429	0.0117143	204.857	101.936	29	533	
3.75	4	5	18	10	4	98	20422	97	20145	0.00659057	0.00311668	0.00471429	0.0117143	207.68	58.699	113	277	
3.75	4	10	19	12	4	30	2484	31	2533	0.00629493	0.00392236	0.00471429	0.0187143	81.7097	67.2519	15	277	
3.75	4	10	20	7	4	77	4890	77	4859	0.0058961	0.00383449	0.00471429	0.0187143	63.1039	69.8978	26	277	
3.75	4	5	21	1	4	100	18000	101	18277	0.00665488	0.00314904	0.00471429	0.0117143	180.96	71.027	26	277	
3.75	4	1	22	3	4	107	13868	111	14476	0.00534492	0.00201326	0.00471429	0.0117143	130.414	54.5056	37	217	
3.75	4	21	23	6	4	156	7565	149	6274	0.00523106	0.00183658	0.00471429	0.0117143	42.1074	25.5531	10	125	
3.75	4	5	24	5	4	92	17446	93	17839	0.00734869	0.00340966	0.00471429	0.0117143	191.817	74.1187	73	277	
3.75	4	17	25	6	4	82	17464	81	17071	0.00531922	0.00197913	0.00471429	0.0117143	210.753	78.4376	31	533	
3.75	4	19	26	4	4	179	40940	182	41912	0.00582967	0.00256902	0.00471429	0.0117143	230.286	111.007	32	749	
3.75	4	16	27	1	4	163	8603	163	8467	0.00488606	0.00108636	0.00471429	0.0117143	51.9448	22.3223	32	173	
3.75	4	3	29	1	4	116	26288	121	28601	0.00523495	0.00184436	0.00471429	0.0117143	236.372	76.7034	24	597	
3.75	4	16	30	6	4	159	9564	159	9319	0.00506649	0.00172523	0.00471429	0.0187143	58.6101	38.6806	32	277	
3.75	4	10	31	1	4	83	4964	82	4871	0.00488502	0.00108645	0.00471429	0.0117143	59.4024	34.0776	31	277	
3.75	4	15	32	6	4	225	17075	224	16574	0.00549553	0.00239981	0.00471429	0.0187143	73.9911	78.883	32	373	
3.75	4	10	36	19	4	81	4086	81	4032	0.0056649	0.00345652	0.00471429	0.0187143	49.7778	65.2761	26	277	
3.75	4	10	37	21	4	81	4545	80	4472	0.00541429	0.00286135	0.00471429	0.0187143	55.9	55.4194	26	277	
3.75	4	12	38	1	4	217	62602	217	63562	0.0047788	0.000670464	0.00471429	0.0117143	292.912	147.978	47	597	
3.75	4	7	39	1	4	250	21938	250	21896	0.00471429	0	0.00471429	0.00471429	87.584	34.2672	32	253	
3.75	4	3	40	3	4	176	43176	172	41684	0.00516196	0.00171769	0.00471429	0.0117143	242.349	74.569	28	597	
3.75	4	15	41	1	4	224	14601	223	13684	0.00553043	0.00285653	0.00471429	0.0187143	61.3632	61.6341	17	233	
4	4.25	10	1	16	4	73	6158	71	5604	0.00589738	0.00312734	0.00471429	0.0187143	78.9296	69.1521	26	277	
4	4.25	5	2	8	4	106	22305	105	22132	0.00598095	0.00270778	0.00471429	0.0117143	210.781	70.1972	93	277	
4	4.25	16	3	4	4	143	8733	142	8560	0.00491147	0.00116229	0.00471429	0.0117143	60.2817	39.1789	18	161	
4	4.25	19	4	6	4	215	48634	215	48718	0.00539801	0.00208297	0.00471429	0.0117143	226.595	92.0751	49	621	
4	4.25	1	5	1	4	208	40348	208	40372	0.00545467	0.00215799	0.00471429	0.0117143	194.096	107.162	49	749	
4	4.25	21	6	4	4	116	4290	112	4188	0.00502679	0.00145213	0.00471429	0.0117143	37.3929	35.7595	9	301	
4	4.25	8	7	3	4	117	39059	119	40371	0.00594958	0.00283054	0.00471429	0.0187143	339.252	240.982	41	749	
4	4.25	21	8	1	4	239	9369	242	10032	0.00494569	0.00125411	0.00471429	0.0117143	41.4545	20.6378	26	177	
4	4.25	7	9	4	4	14	872	14	872	0.00471429	0	0.00471429	0.00471429	62.2857	15.4642	43	97	
4	4.25	17	10	1	4	90	16986	87	16383	0.00519704	0.00178405	0.00471429	0.0117143	188.31	93.2631	56	373	
4	4.25	15	12	4	4	71	2140	71	2140	0.00481288	0.000830747	0.00471429	0.0117143	30.1408	30.4815	9	173	
4	4.25	14	13	6	4	129	25166	127	24612	0.00548594	0.00220097	0.00471429	0.0117143	193.795	100.194	18	373	
4	4.25	14	14	1	4	114	24232	114	24483	0.00532832	0.00198895	0.00471429	0.0117143	214.763	80.3426	26	373	
4	4.25	4	15	1	4	124	41532	124	41532	0.00471429	0	0.00471429	0.00471429	334.935	106.901	69	621	
4	4.25	17	16	4	4	126	25427	129	26142	0.00563677	0.00237701	0.00471429	0.0117143	202.651	82.3087	39	373	
4	4.25	5	18	10	4	98	20558	98	20722	0.00657143	0.00310636	0.00471429	0.0117143	211.449	70.342	113	277	
4	4.25	10	19	12	4	48	4580	47	4507	0.00605471	0.00376065	0.00471429	0.0187143	95.8936	74.891	47	277	
4	4.25	10	20	7	4	73	7936	72	7649	0.00675595	0.00430668	0.00471429	0.0187143	106.236	79.9106	32	277	
4	4.25	5	21	1	4	101	19804	101	19959	0.00603112	0.00274929	0.00471429	0.0117143	197.614	79.3171	18	277	
4	4.25	1	22	3	4	67	10353	62	9268	0.00561751	0.00236581	0.00471429	0.0117143	149.484	62.9384	56	217	
4	4.25	21	23	6	4	210	5574	213	6738	0.0053387	0.00351006	0.00471429	0.0257143	31.6338	30.1051	18	201	
4	4.25	5	24	5	4	96	20313	97	20474	0.00709573	0.00333368	0.00471429	0.0117143	211.072	86.3942	73	277	
4	4.25	17	25	6	4	79	17057	80	17078	0.00550178	0.00222582	0.00471429	0.0117143	213.475	79.772	27	533	
4	4.25	19	26	4	4	74	15221	75	15277	0.00555429	0.00229005	0.00471429	0.0117143	203.693	97.5989	47	373	
4	4.25	16	27	1	4	156	12728	156	12728	0.005163	0.00172007	0.00471429	0.0117143	81.5897	45.621	32	277	
4	4.25	3	29	1	4	107	23755	103	23143	0.00519001	0.00177037	0.00471429	0.0117143	224.689	68.8387	108	393	
4	4.25	16	30	6	4	156	15177	154	14623	0.00521428	0.00197782	0.00471429	0.0187143	94.9545	58.6341	32	277	
4	4.25	10	31	1	4	79	7824	80	7934	0.00515178	0.00170512	0.00471429	0.0117143	99.175	62.3593	26	277	
4	4.25	15	32	6	4	237	11576	240	13135	0.00512262	0.00176434	0.00471429	0.0187143	54.7292	46.813	26	269	
4	4.25	13	35	1	4	5	600	5	600	0.00471429	0	0.00471429	0.00471429	120	38.0132	52	137	
4	4.25	10	36	19	4	75	5691	76	5754	0.00591165	0.00331067	0.00471429	0.0187143	75.7105	71.9136	18	277	
4	4.25	10	37	21	4	71	7165	72	7197	0.00626984	0.00315732	0.00471429	0.0187143	99.9583	71.0408	26	277	
4	4.25	12	38	1	4	240	64749	240	64749	0.00471429	0	0.00471429	0.00471429	269.788	111.579	47	517	
4	4.25	7	39	1	4	249	38875	249	38947	0.0047424	0.000443607	0.00471429	0.0117143	156.414	70.8098	32	309	
4	4.25	3	40	3	4	187	39569	189	40939	0.00489947	0.00112637	0.00471429	0.0117143	216.608	53.8521	23	373	
4	4.25	15	41	1	4	240	10259	243	11946	0.00503116	0.00171358	0.00471429	0.0187143	49.1605	46.7035	18	277	
4.25	4.5	10	1	16	4	78	5916	80	6256	0.00611429	0.00392202	0.00471429	0.0187143	78.2	84.1577	18	277	
4.25	4.5	5	2	8	4	103	20209	103	20313	0.00607351	0.00278249	0.00471429	0.0117143	197.214	61.879	93	277	
4.25	4.5	16	3	4	4	151	8040	149	7806	0.0049022	0.00113524	0.00471429	0.0117143	52.3893	39.297	18	225	
4.25	4.5	19	4	6	4	229	46623	229	45847	0.00520337	0.00178839	0.00471429	0.0117143	200.205	73.4767	32	373	
4.25	4.5	1	5	1	4	223	36663	222	35458	0.00550257	0.00221783	0.00471429	0.0117143	159.721	104.603	49	533	
4.25	4.5	21	6	4	4	248	6388	248	6386	0.00471429	0	0.00471429	0.00471429	25.75	1.16024	16	26	
4.25	4.5	8	7	3	4	169	52673	167	52887	0.00517536	0.00174158	0.00471429	0.0117143	316.689	195.323	7	749	
4.25	4.5	21	8	1	4	250	7910	250	7910	0.00471429	0	0.00471429	0.00471429	31.64	2.06287	18	32	
4.25	4.5	7	9	4	4	21	1174	21	1174	0.00471429	0	0.00471429	0.00471429	55.9048	13.2284	32	85	
4.25	4.5	17	10	1	4	91	15931	94	16534	0.00545897	0.00216986	0.00471429	0.0117143	175.894	72.6532	16	373	
4.25	4.5	15	12	4	4	123	3088	123	3088	0.00471429	0	0.00471429	0.00471429	25.1057	2.52467	16	26	
4.25	4.5	14	13	6	4	126	25297	127	25782	0.00625759	0.00291345	0.00471429	0.0117143	203.008	77.0421	18	277	
4.25	4.5	14	14	1	4	145	29182	145	28931	0.00611429	0.00280971	0.00471429	0.0117143	199.524	81.2063	18	277	
4.25	4.5	4	15	1	4	152	52663	155	53814	0.00471429	0	0.00471429	0.00471429	347.187	88.8884	31	437	
4.25	4.5	17	16	4	4	127	19848	124	19496	0.00544816	0.00215312	0.00471429	0.0117143	157.226	54.6678	113	373	
4.25	4.5	19	17	1	4	8	606	8	606	0.00471429	0	0.00471429	0.00471429	75.75	96.2211	26	277	
4.25	4.5	5	18	10	4	89	17737	90	17850	0.00595873	0.00269127	0.00471429	0.0117143	198.333	71.617	29	277	
4.25	4.5	10	19	12	4	24	2234	23	1753	0.00532298	0.00201673	0.00471429	0.0117143	76.2174	53.8347	36	277	
4.25	4.5	10	20	7	4	69	6331	69	6431	0.00654037	0.00409791	0.00471429	0.0187143	93.2029	88.8688	26	277	
4.25	4.5	5	21	1	4	103	16172	102	15636	0.00642997	0.00302589	0.00471429	0.0117143	153.294	74.3609	18	277	
4.25	4.5	1	22	3	4	48	8175	53	9260	0.00722372	0.00338902	0.00471429	0.0117143	174.717	61.4518	39	217	
4.25	4.5	21	23	6	4	239	5346	239	5403	0.00474357	0.000452792	0.00471429	0.0117143	22.6067	5.29509	16	49	
4.25	4.5	5	24	5	4	96	18299	96	18503	0.00748512	0.00344117	0.00471429	0.0117143	192.74	87.2578	73	277	
4.25	4.5	17	25	6	4	142	24973	140	25107	0.00586429	0.00260306	0.00471429	0.0117143	179.336	71.9496	122	533	
4.25	4.5	19	26	4	4	141	27840	141	27840	0.00511145	0.00162516	0.00471429	0.0117143	197.447	70.775	14	373	
4.25	4.5	16	27	1	4	155	11726	155	11778	0.00521106	0.00180322	0.00471429	0.0117143	75.9871	63.7149	32	277	
4.25	4.5	3	29	1	4	196	41780	196	41524	0.00471429	0	0.00471429	0.00471429	211.857	31.25	28	341	
4.25	4.5	16	30	6	4	159	13134	159	13532	0.00506649	0.00153499	0.00471429	0.0117143	85.1069	62.3799	47	277	
4.25	4.5	10	31	1	4	81	6322	80	6148	0.00480179	0.000782624	0.00471429	0.0117143	76.85	37.1869	32	277	
4.25	4.5	15	32	6	4	244	8579	243	8642	0.00485832	0.00134219	0.00471429	0.0187143	35.5638	16.6264	26	177	
4.25	4.5	9	34	1	4	5	664	5	664	0.00471429	0	0.00471429	0.00471429	132.8	53.049	88	225	
4.25	4.5	10	36	19	4	78	5056	78	5073	0.00552198	0.00318706	0.00471429	0.0257143	65.0385	69.9815	18	277	
4.25	4.5	10	37	21	4	76	6313	74	5991	0.00566023	0.00291379	0.00471429	0.0187143	80.9595	66.3803	32	277	
4.25	4.5	12	38	1	4	247	54415	247	54551	0.00479931	0.000768312	0.00471429	0.0117143	220.854	45.2326	47	517	
4.25	4.5	7	39	1	4	250	19608	250	19512	0.00471429	0	0.00471429	0.00471429	78.048	12.9957	22	125	
4.25	4.5	3	40	3	4	245	53232	245	53128	0.00474286	0.000447214	0.00471429	0.0117143	216.849	43.0854	22	597	
4.25	4.5	15	41	1	4	249	8119	249	8227	0.00471429	0	0.00471429	0.00471429	33.0402	11.4775	18	49	
4.5	4.75	10	1	16	4	77	4907	75	4598	0.00574095	0.00339305	0.00471429	0.0187143	61.3067	65.1039	26	277	
4.5	4.75	5	2	8	4	79	18177	82	18800	0.00608014	0.00279113	0.00471429	0.0117143	229.268	64.7134	13	373	
4.5	4.75	16	3	4	4	149	6955	150	7129	0.00508762	0.00177434	0.00471429	0.0187143	47.5267	36.2626	18	225	
4.5	4.75	19	4	6	4	234	51963	233	51826	0.00519497	0.00177405	0.00471429	0.0117143	222.429	76.8404	49	749	
4.5	4.75	1	5	1	4	223	38437	224	38386	0.00562054	0.00235525	0.00471429	0.0117143	171.366	112.447	49	533	
4.5	4.75	21	6	4	4	247	6406	247	6408	0.00471429	0	0.00471429	0.00471429	25.9433	0.332559	24	26	
4.5	4.75	8	7	3	4	236	61784	236	62080	0.00512954	0.0016571	0.00471429	0.0117143	263.051	143.673	49	749	
4.5	4.75	21	8	1	4	250	7642	250	7642	0.00471429	0	0.00471429	0.00471429	30.568	2.55017	26	32	
4.5	4.75	7	9	4	4	2	64	2	64	0.00471429	0	0.00471429	0.00471429	32	0	32	32	
4.5	4.75	17	10	1	4	84	11990	81	11391	0.0048007	0.000777778	0.00471429	0.0117143	140.63	45.9207	18	277	
4.5	4.75	15	12	4	4	57	1406	57	1406	0.00471429	0	0.00471429	0.00471429	24.6667	3.1244	16	26	
4.5	4.75	14	13	6	4	107	22368	106	22091	0.00577089	0.00251786	0.00471429	0.0117143	208.406	92.061	18	277	
4.5	4.75	14	14	1	4	136	27904	137	28285	0.00650261	0.0030641	0.00471429	0.0117143	206.46	82.4248	18	373	
4.5	4.75	4	15	1	4	174	61099	171	60420	0.00471429	0	0.00471429	0.00471429	353.333	91.894	41	437	
4.5	4.75	17	16	4	4	163	22640	164	22582	0.00501307	0.00161731	0.00471429	0.0187143	137.695	32.2733	18	277	
4.5	4.75	5	18	10	4	96	21453	94	21139	0.00612918	0.00282618	0.00471429	0.0117143	224.883	62.0502	13	277	
4.5	4.75	10	19	12	4	53	4588	53	4588	0.00603504	0.00364678	0.00471429	0.0187143	86.566	71.6819	40	277	
4.5	4.75	10	20	7	4	75	5421	76	5394	0.00591165	0.00368427	0.00471429	0.0187143	70.9737	70.9494	32	277	
4.5	4.75	5	21	1	4	93	14420	93	14604	0.00659601	0.00312023	0.00471429	0.0117143	157.032	87.3036	18	277	
4.5	4.75	1	22	3	4	43	6542	43	6542	0.00731894	0.00342358	0.00471429	0.0117143	152.14	61.9145	70	217	
4.5	4.75	21	23	6	4	250	6536	250	6502	0.00471429	0	0.00471429	0.00471429	26.008	2.79269	16	49	
4.5	4.75	5	24	5	4	103	21591	101	20949	0.00741726	0.00342504	0.00471429	0.0117143	207.416	79.2264	73	277	
4.5	4.75	17	25	6	4	165	22798	165	22798	0.0050961	0.00193325	0.00471429	0.0187143	138.17	40.6813	18	357	
4.5	4.75	19	26	4	4	162	32231	158	31491	0.00502441	0.00144496	0.00471429	0.0117143	199.31	58.7532	49	373	
4.5	4.75	16	27	1	4	157	10501	157	10585	0.00516014	0.00171492	0.00471429	0.0117143	67.4204	44.9247	32	277	
4.5	4.75	3	29	1	4	250	51816	250	51816	0.00471429	0	0.00471429	0.00471429	207.264	17.721	153	217	
4.5	4.75	16	30	6	4	161	10518	163	10919	0.00497195	0.00153393	0.00471429	0.0187143	66.9877	47.7543	32	277	
4.5	4.75	10	31	1	4	80	6236	81	6379	0.00488712	0.00109305	0.00471429	0.0117143	78.7531	41.974	32	277	
4.5	4.75	15	32	6	4	245	10623	246	10688	0.00488502	0.00140383	0.00471429	0.0187143	43.4472	17.84	26	177	
4.5	4.75	8	33	1	4	17	1202	17	1202	0.00471429	0	0.00471429	0.00471429	70.7059	61.3981	32	233	
4.5	4.75	10	36	19	4	73	5304	73	5304	0.00567319	0.00315541	0.00471429	0.0187143	72.6575	83.0576	32	277	
4.5	4.75	10	37	21	4	75	5724	76	5793	0.00554323	0.00254762	0.00471429	0.0187143	76.2237	54.4724	48	277	
4.5	4.75	12	38	1	4	250	53923	250	53787	0.00471429	0	0.00471429	0.00471429	215.148	23.4888	47	225	
4.5	4.75	7	39	1	4	250	19615	250	19711	0.00471429	0	0.00471429	0.00471429	78.844	13.1309	22	97	
4.5	4.75	3	40	3	4	250	53853	250	53957	0.00471429	0	0.00471429	0.00471429	215.828	15.1747	85	269	
4.5	4.75	15	41	1	4	249	7425	249	7385	0.00471429	0	0.00471429	0.00471429	29.6586	3.39591	18	32	
4.75	5	10	1	16	4	78	4038	78	4044	0.00543223	0.003108	0.00471429	0.0187143	51.8462	54.4508	26	277	
4.75	5	5	2	8	4	43	9635	42	9358	0.00704762	0.00333983	0.00471429	0.0117143	222.81	72.3771	9	277	
4.75	5	16	3	4	4	136	5144	137	5176	0.00491866	0.00118283	0.00471429	0.0117143	37.781	18.0558	18	133	
4.75	5	19	4	6	4	239	54113	240	54786	0.00506429	0.0015288	0.00471429	0.0117143	228.275	81.0016	36	621	
4.75	5	1	5	1	4	162	38431	162	39135	0.00493033	0.0012144	0.00471429	0.0117143	241.574	124.505	16	749	
4.75	5	21	6	4	4	202	8944	206	9046	0.00532594	0.00269682	0.00471429	0.0257143	43.9126	40.665	24	201	
4.75	5	8	7	3	4	246	65253	246	65169	0.00482811	0.000887126	0.00471429	0.0117143	264.915	141.581	49	749	
4.75	5	21	8	1	4	141	5017	145	5145	0.00485911	0.000999856	0.00471429	0.0117143	35.4828	19.0333	7	113	
4.75	5	7	9	4	4	2	64	2	64	0.00471429	0	0.00471429	0.00471429	32	0	32	32	
4.75	5	17	10	1	4	130	21333	132	21771	0.00487338	0.0010472	0.00471429	0.0117143	164.932	54.0481	18	277	
4.75	5	14	13	6	4	142	26571	141	26570	0.00605471	0.00276413	0.00471429	0.0117143	188.44	72.6691	18	277	
4.75	5	14	14	1	4	148	28231	147	27926	0.00566667	0.00240813	0.00471429	0.0117143	189.973	68.5148	18	277	
4.75	5	4	15	1	4	201	64088	202	64549	0.00474894	0.000492518	0.00471429	0.0117143	319.55	87.1075	26	437	
4.75	5	17	16	4	4	162	24088	162	24232	0.00484391	0.000946644	0.00471429	0.0117143	149.58	39.8447	21	277	
4.75	5	5	18	10	4	111	23369	111	23417	0.00629086	0.00293738	0.00471429	0.0117143	210.964	63.9335	93	277	
4.75	5	10	19	12	4	31	3257	32	3534	0.00755803	0.00529217	0.00471429	0.0187143	110.438	92.7365	49	277	
4.75	5	10	20	7	4	77	5208	76	5176	0.00591165	0.00368427	0.00471429	0.0187143	68.1053	70.5178	32	277	
4.75	5	5	21	1	4	105	17836	106	18057	0.00735579	0.0034092	0.00471429	0.0117143	170.349	85.5254	18	277	
4.75	5	1	22	3	4	22	2770	22	2770	0.00757792	0.00352265	0.00471429	0.0117143	125.909	65.1181	17	217	
4.75	5	21	23	6	4	221	9912	221	9599	0.00509438	0.00218057	0.00471429	0.0257143	43.4344	44.3091	18	269	
4.75	5	5	24	5	4	108	17722	110	18160	0.00732338	0.0034002	0.00471429	0.0117143	165.091	84.9705	71	277	
4.75	5	17	25	6	4	169	25918	169	25918	0.00483855	0.00120117	0.00471429	0.0187143	153.361	42.4204	18	277	
4.75	5	19	26	4	4	160	34789	159	34340	0.00555076	0.00227778	0.00471429	0.0117143	215.975	73.8079	49	373	
4.75	5	16	27	1	4	163	9811	163	9811	0.00488606	0.00108636	0.00471429	0.0117143	60.1902	27.2246	32	161	
4.75	5	3	29	1	4	229	54991	229	54679	0.00505053	0.00150016	0.00471429	0.0117143	238.773	55.7137	153	373	
4.75	5	16	30	6	4	164	10078	163	10029	0.00484312	0.000943773	0.00471429	0.0117143	61.5276	29.4193	32	225	
4.75	5	10	31	1	4	81	6212	81	6212	0.00505996	0.00152611	0.00471429	0.0117143	76.6914	39.4137	32	277	
4.75	5	15	32	6	4	212	17455	210	16369	0.00514762	0.00169091	0.00471429	0.0117143	77.9476	68.5583	49	405	
4.75	5	8	33	1	4	1	14	1	14	0.00471429	0	0.00471429	0.00471429	14	0	14	14	
4.75	5	10	36	19	4	74	4401	74	4156	0.00556564	0.00326745	0.00471429	0.0187143	56.1622	58.2479	32	277	
4.75	5	10	37	21	4	77	5472	77	5472	0.00544156	0.00291383	0.00471429	0.0187143	71.0649	55.2619	32	277	
4.75	5	12	38	1	4	207	44915	207	44915	0.00471429	0	0.00471429	0.00471429	216.981	32.8743	40	225	
4.75	5	7	39	1	4	247	20721	247	20721	0.00479931	0.000768312	0.00471429	0.0117143	83.8907	36.2624	22	373	
4.75	5	3	40	3	4	235	56893	235	56581	0.00516109	0.0017148	0.00471429	0.0117143	240.77	60.2992	85	373	
4.75	5	15	41	1	4	217	15101	219	15014	0.00548141	0.003398	0.00471429	0.0257143	68.5571	97.2436	22	693	
5	5.25	10	1	16	4	81	4798	81	5037	0.0056649	0.00327453	0.00471429	0.0187143	62.1852	61.9054	26	277	
5	5.25	5	2	8	4	26	4939	25	4662	0.00723429	0.00342929	0.00471429	0.0117143	186.48	76.2841	93	277	
5	5.25	16	3	4	4	137	5678	136	5646	0.00492017	0.00118708	0.00471429	0.0117143	41.5147	30.6321	18	225	
5	5.25	19	4	6	4	229	52086	228	51429	0.00508271	0.00156652	0.00471429	0.0117143	225.566	73.6251	49	373	
5	5.25	1	5	1	4	142	25997	140	25443	0.00526428	0.00189024	0.00471429	0.0117143	181.736	141.125	37	533	
5	5.25	21	6	4	4	132	9533	128	9429	0.00810491	0.0076067	0.00471429	0.0257143	73.6641	68.7808	24	173	
5	5.25	8	7	3	4	237	65021	237	64753	0.00509825	0.00159722	0.00471429	0.0117143	273.219	127.319	67	749	
5	5.25	21	8	1	4	205	10982	201	10854	0.00565458	0.00249327	0.00471429	0.0187143	54	36.7876	22	173	
5	5.25	7	9	4	4	1	32	1	32	0.00471429	0	0.00471429	0.00471429	32	0	32	32	
5	5.25	17	10	1	4	133	16732	132	16627	0.00572186	0.00358005	0.00471429	0.0257143	125.962	59.496	18	277	
5	5.25	14	13	6	4	143	25337	145	25615	0.00606601	0.00277271	0.00471429	0.0117143	176.655	63.7118	18	277	
5	5.25	14	14	1	4	150	31677	150	31601	0.00555429	0.00228235	0.00471429	0.0117143	210.673	65.468	18	277	
5	5.25	4	15	1	4	141	42580	140	42015	0.00486429	0.0010173	0.00471429	0.0117143	300.107	143.287	26	621	
5	5.25	17	16	4	4	145	16700	144	16567	0.00573512	0.00388014	0.00471429	0.0257143	115.049	44.3928	18	225	
5	5.25	5	18	10	4	124	23364	125	23353	0.00600229	0.0027233	0.00471429	0.0117143	186.824	71.931	93	277	
5	5.25	10	19	12	4	24	3194	24	3194	0.00850595	0.00504742	0.00471429	0.0187143	133.083	95.9062	49	277	
5	5.25	10	20	7	4	78	5853	78	6064	0.00632967	0.0043581	0.00471429	0.0187143	77.7436	77.2016	32	277	
5	5.25	5	21	1	4	106	20902	106	20874	0.00748787	0.00344005	0.00471429	0.0117143	196.925	85.01	18	277	
5	5.25	1	22	3	4	100	15319	94	13921	0.00531003	0.00196375	0.00471429	0.0117143	148.096	65.8094	32	373	
5	5.25	21	23	6	4	221	9105	221	9418	0.00563284	0.00254999	0.00471429	0.0187143	42.6154	29.4131	18	269	
5	5.25	5	24	5	4	108	17904	107	17947	0.00778905	0.00349042	0.00471429	0.0117143	167.729	80.6251	73	277	
5	5.25	17	25	6	4	145	17344	145	17344	0.00582463	0.00375114	0.00471429	0.0257143	119.614	49.2285	18	277	
5	5.25	19	26	4	4	153	33905	154	33902	0.00585065	0.00258974	0.00471429	0.0117143	220.143	80.9357	49	373	
5	5.25	16	27	1	4	161	9989	161	9989	0.00506211	0.00152586	0.00471429	0.0117143	62.0435	34.693	32	277	
5	5.25	3	29	1	4	205	51786	205	52258	0.00567038	0.00240975	0.00471429	0.0117143	254.917	77.4575	12	373	
5	5.25	16	30	6	4	154	9729	155	9761	0.00498525	0.00135469	0.00471429	0.0117143	62.9742	37.9049	9	277	
5	5.25	10	31	1	4	84	6777	84	6767	0.00496429	0.00130684	0.00471429	0.0117143	80.5595	42.4484	32	277	
5	5.25	15	32	6	4	174	18248	176	19334	0.0061461	0.00376539	0.00471429	0.0257143	109.852	82.8499	29	233	
5	5.25	8	33	1	4	59	5438	59	5438	0.00471429	0	0.00471429	0.00471429	92.1695	59.5431	49	233	
5	5.25	10	36	19	4	83	5450	81	5386	0.0056649	0.00308181	0.00471429	0.0187143	66.4938	66.2312	30	277	
5	5.25	10	37	21	4	83	6757	84	7034	0.00563095	0.00282931	0.00471429	0.0187143	83.7381	64.2043	49	277	
5	5.25	12	38	1	4	187	38429	187	38429	0.00471429	0	0.00471429	0.00471429	205.503	48.6086	47	225	
5	5.25	7	39	1	4	245	23324	245	23306	0.00485714	0.000991769	0.00471429	0.0117143	95.1265	42.0813	22	301	
5	5.25	3	40	3	4	217	56541	217	56853	0.0057788	0.00251946	0.00471429	0.0117143	261.995	74.4683	85	373	
5	5.25	15	41	1	4	161	15888	159	15975	0.00766397	0.00723459	0.00471429	0.0257143	100.472	91.099	22	233	
5.25	5.5	10	1	16	4	80	6277	79	5966	0.00595479	0.00367673	0.00471429	0.0187143	75.519	66.6368	30	277	
5.25	5.5	5	2	8	4	28	5935	25	5104	0.00667429	0.0032078	0.00471429	0.0117143	204.16	63.2388	93	277	
5.25	5.5	16	3	4	4	168	9932	167	9504	0.00496578	0.00151585	0.00471429	0.0187143	56.9102	30.6535	18	133	
5.25	5.5	19	4	6	4	224	49126	225	50079	0.00555428	0.0022798	0.00471429	0.0117143	222.573	115.345	49	749	
5.25	5.5	1	5	1	4	165	29816	171	31286	0.00594236	0.00267021	0.00471429	0.0117143	182.959	110.163	49	621	
5.25	5.5	21	6	4	4	161	5938	160	5765	0.00532679	0.00345681	0.00471429	0.0257143	36.0313	37.3445	14	173	
5.25	5.5	8	7	3	4	248	73465	248	73733	0.00477074	0.000627345	0.00471429	0.0117143	297.31	135.902	199	749	
5.25	5.5	21	8	1	4	242	8698	242	8698	0.00488784	0.00109072	0.00471429	0.0117143	35.9421	17.6503	26	113	
5.25	5.5	7	9	4	4	2	64	2	64	0.00471429	0	0.00471429	0.00471429	32	0	32	32	
5.25	5.5	17	10	1	4	167	21788	166	21655	0.00471429	0	0.00471429	0.00471429	130.452	13.1027	63	133	
5.25	5.5	15	12	4	4	15	314	15	314	0.00471429	0	0.00471429	0.00471429	20.9333	4.3337	16	26	
5.25	5.5	14	13	6	4	167	27889	166	27716	0.00471429	0	0.00471429	0.00471429	166.964	29.021	18	173	
5.25	5.5	14	14	1	4	167	44392	167	44393	0.00471429	0	0.00471429	0.00471429	265.826	48.9566	18	277	
5.25	5.5	4	15	1	4	116	31685	119	32849	0.00471429	0	0.00471429	0.00471429	276.042	139.657	5	533	
5.25	5.5	17	16	4	4	167	22211	167	22211	0.00471429	0	0.00471429	0.00471429	133	0	133	133	
5.25	5.5	5	18	10	4	113	22181	113	22365	0.00613906	0.00283097	0.00471429	0.0117143	197.92	69.855	93	277	
5.25	5.5	10	19	12	4	31	4392	31	4392	0.00742396	0.00430653	0.00471429	0.0187143	141.677	94.75	49	277	
5.25	5.5	10	20	7	4	83	7708	83	7660	0.00581067	0.00299029	0.00471429	0.0187143	92.2892	74.4571	32	277	
5.25	5.5	5	21	1	4	104	16798	104	16594	0.00733928	0.00340527	0.00471429	0.0117143	159.558	87.7722	18	277	
5.25	5.5	1	22	3	4	121	18468	123	19526	0.00590941	0.00264469	0.00471429	0.0117143	158.748	76.1802	17	437	
5.25	5.5	21	23	6	4	214	6385	216	6437	0.00503836	0.0014743	0.00471429	0.0117143	29.8009	12.5402	26	73	
5.25	5.5	5	24	5	4	99	18231	99	18259	0.00860317	0.00349603	0.00471429	0.0117143	184.434	86.6238	73	277	
5.25	5.5	17	25	6	4	166	22246	167	22379	0.00471429	0	0.00471429	0.00471429	134.006	5.22678	133	161	
5.25	5.5	19	26	4	4	74	17308	78	18500	0.00552198	0.00225087	0.00471429	0.0117143	237.179	102.829	49	373	
5.25	5.5	16	27	1	4	91	6149	94	6296	0.00545897	0.00240043	0.00471429	0.0187143	66.9787	49.6781	4	277	
5.25	5.5	3	29	1	4	244	45580	244	45580	0.00488642	0.00108634	0.00471429	0.0117143	186.803	43.2079	125	373	
5.25	5.5	16	30	6	4	121	10616	123	10714	0.00522648	0.00183037	0.00471429	0.0117143	87.1057	50.3271	32	217	
5.25	5.5	10	31	1	4	37	2245	38	2318	0.00471429	0	0.00471429	0.00471429	61	32.2272	17	133	
5.25	5.5	15	32	6	4	233	12622	233	12690	0.00513489	0.00230515	0.00471429	0.0257143	54.4635	45.138	26	233	
5.25	5.5	10	36	19	4	84	6897	85	7116	0.0064437	0.00444112	0.00471429	0.0187143	83.7176	76.4896	32	277	
5.25	5.5	10	37	21	4	82	7852	82	7828	0.00582404	0.00279773	0.00471429	0.0187143	95.4634	67.6391	49	277	
5.25	5.5	12	38	1	4	238	45966	238	46094	0.00471429	0	0.00471429	0.00471429	193.672	30.3422	22	225	
5.25	5.5	7	39	1	4	249	20430	249	20394	0.0047424	0.000443607	0.00471429	0.0117143	81.9036	19.0809	22	217	
5.25	5.5	3	40	3	4	244	54458	244	54458	0.00488642	0.00108634	0.00471429	0.0117143	223.189	36.6213	97	373	
5.25	5.5	15	41	1	4	232	9610	232	9610	0.00525739	0.00334041	0.00471429	0.0257143	41.4224	44.9532	18	233	
5.5	5.75	10	1	16	4	79	7599	80	7879	0.00681429	0.00451047	0.00471429	0.0187143	98.4875	71.5563	26	277	
5.5	5.75	5	2	8	4	4	847	2	450	0.00821428	0.00494975	0.00471429	0.0117143	225	73.5391	173	277	
5.5	5.75	16	3	4	4	60	2401	63	2832	0.0048254	0.000881917	0.00471429	0.0117143	44.9524	46.3063	18	269	
5.5	5.75	19	4	6	4	150	35520	150	34864	0.00541429	0.00210704	0.00471429	0.0117143	232.427	165.095	49	749	
5.5	5.75	1	5	1	4	192	33768	188	33380	0.00568237	0.00242294	0.00471429	0.0117143	177.553	107.485	17	749	
5.5	5.75	21	6	4	4	129	3936	133	4040	0.00503007	0.00145835	0.00471429	0.0117143	30.3759	23.4716	6	201	
5.5	5.75	8	7	3	4	239	56660	238	56765	0.0050084	0.00140735	0.00471429	0.0117143	238.508	124.527	67	749	
5.5	5.75	21	8	1	4	244	9932	244	9864	0.00488642	0.00108634	0.00471429	0.0117143	40.4262	22.9144	26	153	
5.5	5.75	17	10	1	4	140	15548	137	15235	0.00573618	0.00403016	0.00471429	0.0257143	111.204	64.8464	18	277	
5.5	5.75	15	12	4	4	17	656	17	656	0.00471429	0	0.00471429	0.00471429	38.5882	50.7224	18	173	
5.5	5.75	14	13	6	4	152	27080	152	27120	0.00558929	0.00232269	0.00471429	0.0117143	178.421	52.9881	18	277	
5.5	5.75	14	14	1	4	155	35202	154	34924	0.00525974	0.00188246	0.00471429	0.0117143	226.779	68.9043	18	277	
5.5	5.75	4	15	1	4	115	33804	115	33804	0.00471429	0	0.00471429	0.00471429	293.948	139.387	17	533	
5.5	5.75	17	16	4	4	144	14820	142	14565	0.00530583	0.00317382	0.00471429	0.0257143	102.57	61.8991	17	277	
5.5	5.75	5	18	10	4	116	24394	114	23656	0.00631078	0.00295008	0.00471429	0.0117143	207.509	71.8104	93	277	
5.5	5.75	10	19	12	4	56	5466	53	5151	0.00656334	0.00391936	0.00471429	0.0187143	97.1887	58.1993	28	277	
5.5	5.75	10	20	7	4	78	7638	79	7721	0.0060434	0.00337685	0.00471429	0.0187143	97.7342	73.2055	32	277	
5.5	5.75	5	21	1	4	108	17147	108	17467	0.00763095	0.00346714	0.00471429	0.0117143	161.731	91.312	18	277	
5.5	5.75	1	22	3	4	188	26938	188	26914	0.00523556	0.00184262	0.00471429	0.0117143	143.16	58.4382	56	373	
5.5	5.75	21	23	6	4	215	8757	213	8681	0.00540443	0.0037527	0.00471429	0.0257143	40.7559	45.2246	11	277	
5.5	5.75	5	24	5	4	109	19579	109	19579	0.00779685	0.00349107	0.00471429	0.0117143	179.624	81.9958	73	277	
5.5	5.75	17	25	6	4	145	15513	141	15016	0.00535968	0.00300508	0.00471429	0.0257143	106.496	62.9582	18	277	
5.5	5.75	19	26	4	4	93	19196	89	18564	0.00510754	0.00162101	0.00471429	0.0117143	208.584	116.309	49	621	
5.5	5.75	16	27	1	4	73	7746	73	7746	0.00481018	0.000819288	0.00471429	0.0117143	106.11	61.6641	32	469	
5.5	5.75	3	29	1	4	241	50061	241	49837	0.0049757	0.00132999	0.00471429	0.0117143	206.793	77.2328	125	517	
5.5	5.75	16	30	6	4	112	11210	108	10942	0.00503836	0.00176057	0.00471429	0.0187143	101.315	77.3931	32	469	
5.5	5.75	10	31	1	4	31	1916	30	1843	0.00471429	0	0.00471429	0.00471429	61.4333	33.8085	7	165	
5.5	5.75	15	32	6	4	221	11405	221	11405	0.00563284	0.00392575	0.00471429	0.0257143	51.6063	59.433	26	233	
5.5	5.75	8	33	1	4	88	9339	85	8952	0.00496134	0.00129932	0.00471429	0.0117143	105.318	64.3492	3	233	
5.5	5.75	10	36	19	4	73	7117	74	7207	0.00660618	0.00389439	0.00471429	0.0187143	97.3919	70.5557	26	277	
5.5	5.75	10	37	21	4	75	8442	75	8466	0.00583429	0.00282824	0.00471429	0.0187143	112.88	70.4963	32	277	
5.5	5.75	12	38	1	4	224	51564	224	51028	0.00471429	0	0.00471429	0.00471429	227.804	89.8291	42	485	
5.5	5.75	7	39	1	4	246	21297	246	21279	0.00482811	0.00108949	0.00471429	0.0187143	86.5	32.3313	22	373	
5.5	5.75	3	40	3	4	183	41173	187	42041	0.00516348	0.00172001	0.00471429	0.0117143	224.818	60.7321	56	373	
5.5	5.75	15	41	1	4	233	10483	233	10483	0.00516493	0.00260113	0.00471429	0.0257143	44.9914	54.3398	18	233	
5.75	6	10	1	16	4	78	6838	78	6639	0.00650916	0.00413524	0.00471429	0.0257143	85.1154	68.1515	26	277	
5.75	6	16	3	4	4	100	5276	97	5018	0.00521944	0.00182074	0.00471429	0.0117143	51.732	30.344	18	133	
5.75	6	19	4	6	4	148	32181	147	31392	0.00490476	0.00114278	0.00471429	0.0117143	213.551	100.42	27	621	
5.75	6	1	5	1	4	196	42197	196	40837	0.00567857	0.00241868	0.00471429	0.0117143	208.352	115.719	49	533	
5.75	6	21	6	4	4	59	1956	58	1883	0.00543842	0.00215042	0.00471429	0.0117143	32.4655	16.3559	25	73	
5.75	6	8	7	3	4	206	54478	206	54224	0.00515603	0.00170623	0.00471429	0.0117143	263.223	135.992	11	749	
5.75	6	21	8	1	4	223	14477	223	14545	0.00518514	0.0017573	0.00471429	0.0117143	65.2242	68.4793	18	485	
5.75	6	7	9	4	4	3	66	3	66	0.00471429	0	0.00471429	0.00471429	22	0	22	22	
5.75	6	17	10	1	4	94	14093	95	14111	0.0055985	0.00385333	0.00471429	0.0257143	148.537	81.8626	18	469	
5.75	6	14	13	6	4	147	30710	146	30473	0.00596086	0.00268729	0.00471429	0.0117143	208.719	68.483	18	277	
5.75	6	14	14	1	4	144	29494	146	30048	0.00586497	0.00260329	0.00471429	0.0117143	205.808	76.8837	18	277	
5.75	6	4	15	1	4	116	33267	116	32574	0.00471429	0	0.00471429	0.00471429	280.81	141.397	27	437	
5.75	6	17	16	4	4	124	17126	122	16880	0.00551756	0.00301138	0.00471429	0.0257143	138.361	84.0344	18	373	
5.75	6	5	18	10	4	123	24975	124	25356	0.0071417	0.00334512	0.00471429	0.0117143	204.484	82.0342	93	277	
5.75	6	10	19	12	4	21	2502	21	2270	0.00671429	0.00392428	0.00471429	0.0187143	108.095	88.459	32	277	
5.75	6	10	20	7	4	79	7074	79	6976	0.00613201	0.0034329	0.00471429	0.0187143	88.3038	67.1161	26	277	
5.75	6	5	21	1	4	125	20075	124	19798	0.00697235	0.00328552	0.00471429	0.0117143	159.661	91.2427	18	277	
5.75	6	1	22	3	4	146	22372	150	22736	0.00546095	0.00216806	0.00471429	0.0117143	151.573	60.4823	5	373	
5.75	6	21	23	6	4	187	9539	187	9563	0.00535065	0.00268936	0.00471429	0.0257143	51.139	59.077	24	233	
5.75	6	5	24	5	4	141	22591	141	22651	0.00605471	0.00276413	0.00471429	0.0117143	160.645	77.1604	71	277	
5.75	6	17	25	6	4	114	14836	115	14902	0.00574907	0.00310893	0.00471429	0.0187143	129.583	67.4075	18	437	
5.75	6	19	26	4	4	94	20125	98	20757	0.00507143	0.00154819	0.00471429	0.0117143	211.806	139.181	25	749	
5.75	6	16	27	1	4	158	14871	155	14512	0.00570783	0.00245081	0.00471429	0.0117143	93.6258	55.2133	32	277	
5.75	6	3	29	1	4	162	35054	162	35278	0.00497354	0.00132607	0.00471429	0.0117143	217.765	110.495	56	839	
5.75	6	16	30	6	4	153	15135	155	15089	0.00521106	0.00180322	0.00471429	0.0117143	97.3484	48.9958	26	277	
5.75	6	10	31	1	4	65	6266	65	6062	0.00525275	0.0018798	0.00471429	0.0117143	93.2615	62.7807	15	277	
5.75	6	15	32	6	4	204	14163	204	14163	0.00622409	0.00482654	0.00471429	0.0257143	69.4265	76.0382	32	373	
5.75	6	8	33	1	4	32	4031	30	3609	0.00564762	0.00242022	0.00471429	0.0117143	120.3	113.291	33	373	
5.75	6	10	36	19	4	82	7120	81	6754	0.00626984	0.00367083	0.00471429	0.0187143	83.3827	67.4067	26	277	
5.75	6	10	37	21	4	80	7944	79	7659	0.00595479	0.00291422	0.00471429	0.0187143	96.9494	58.4454	32	277	
5.75	6	12	38	1	4	207	59432	207	59120	0.00481573	0.0008386	0.00471429	0.0117143	285.604	123.986	47	517	
5.75	6	7	39	1	4	249	20984	248	20523	0.00474251	0.0004445	0.00471429	0.0117143	82.754	23.3918	22	233	
5.75	6	3	40	3	4	137	31147	137	31147	0.00512304	0.00164743	0.00471429	0.0117143	227.35	91.8011	16	597	
5.75	6	15	41	1	4	202	13180	202	13180	0.00568458	0.00382829	0.00471429	0.0257143	65.2475	81.2843	21	373	
6	6.25	10	1	16	4	83	6160	83	6208	0.00623236	0.00346537	0.00471429	0.0187143	74.7952	69.0579	18	277	
6	6.25	16	3	4	4	132	5807	131	5803	0.00524864	0.00186588	0.00471429	0.0117143	44.2977	37.6446	18	277	
6	6.25	19	4	6	4	178	42860	179	43941	0.0054573	0.00216221	0.00471429	0.0117143	245.48	137.25	17	749	
6	6.25	1	5	1	4	213	38532	213	39467	0.00553588	0.00225834	0.00471429	0.0117143	185.291	102.286	15	533	
6	6.25	21	6	4	4	185	4738	182	4684	0.00471429	0	0.00471429	0.00471429	25.7363	1.97686	8	26	
6	6.25	8	7	3	4	225	65071	227	66124	0.005146	0.00168766	0.00471429	0.0117143	291.295	158.912	51	749	
6	6.25	21	8	1	4	247	8158	247	8158	0.00474263	0.000445399	0.00471429	0.0117143	33.0283	11.8037	16	201	
6	6.25	7	9	4	4	3	66	2	44	0.00471429	0	0.00471429	0.00471429	22	0	22	22	
6	6.25	17	10	1	4	105	11570	106	11444	0.005969	0.00461274	0.00471429	0.0257143	107.962	56.353	18	277	
6	6.25	14	13	6	4	123	23937	126	24428	0.00576984	0.00251493	0.00471429	0.0117143	193.873	67.6938	18	277	
6	6.25	14	14	1	4	145	33890	143	33056	0.00603596	0.00274914	0.00471429	0.0117143	231.161	77.8545	18	373	
6	6.25	4	15	1	4	132	38318	129	38111	0.00487708	0.00105912	0.00471429	0.0117143	295.434	134.464	17	749	
6	6.25	17	16	4	4	137	15539	139	15662	0.00552004	0.00292881	0.00471429	0.0257143	112.676	48.6785	18	277	
6	6.25	5	18	10	4	128	22737	127	22588	0.00686389	0.00324179	0.00471429	0.0117143	177.858	79.0989	92	277	
6	6.25	10	19	12	4	1	65	2	374	0.00471429	0	0.00471429	0.00471429	187	19.799	173	201	
6	6.25	10	20	7	4	83	6813	82	6640	0.00599477	0.00332322	0.00471429	0.0187143	80.9756	67.3401	18	277	
6	6.25	5	21	1	4	127	20804	127	20772	0.00691901	0.00326438	0.00471429	0.0117143	163.559	85.7009	18	277	
6	6.25	1	22	3	4	203	32142	197	31024	0.00563814	0.00237532	0.00471429	0.0117143	157.482	65.6395	85	437	
6	6.25	21	23	6	4	249	5310	249	5311	0.0047424	0.000443607	0.00471429	0.0117143	21.3293	6.08309	18	73	
6	6.25	5	24	5	4	132	25604	133	25473	0.00645113	0.00303488	0.00471429	0.0117143	191.526	87.6722	73	277	
6	6.25	17	25	6	4	86	9718	87	9687	0.00600164	0.00459501	0.00471429	0.0257143	111.345	35.0431	18	217	
6	6.25	19	26	4	4	112	23196	108	23000	0.00516799	0.00173143	0.00471429	0.0117143	212.963	122.365	49	749	
6	6.25	16	27	1	4	155	10184	156	10319	0.00525275	0.00203322	0.00471429	0.0187143	66.1474	43.1335	26	277	
6	6.25	3	29	1	4	148	26232	150	26828	0.00471429	0	0.00471429	0.00471429	178.853	51.5854	56	517	
6	6.25	16	30	6	4	151	11945	150	11918	0.00546095	0.00216806	0.00471429	0.0117143	79.4533	47.1454	32	277	
6	6.25	10	31	1	4	85	7626	84	7778	0.00563095	0.00237562	0.00471429	0.0117143	92.5952	57.9778	32	277	
6	6.25	15	32	6	4	241	8490	241	8345	0.0049757	0.00205399	0.00471429	0.0257143	34.6266	20.5972	30	233	
6	6.25	8	33	1	4	35	3498	39	3934	0.00471429	0	0.00471429	0.00471429	100.872	63.1082	7	217	
6	6.25	13	35	1	4	6	602	6	602	0.00471429	0	0.00471429	0.00471429	100.333	1.63299	97	101	
6	6.25	10	36	19	4	85	6035	85	6087	0.00578487	0.0029592	0.00471429	0.0187143	71.6118	62.8479	18	277	
6	6.25	10	37	21	4	85	7282	85	7322	0.00611429	0.00354965	0.00471429	0.0187143	86.1412	60.8302	26	277	
6	6.25	12	38	1	4	248	63307	248	64155	0.00474251	0.0004445	0.00471429	0.0117143	258.69	105.762	28	517	
6	6.25	7	39	1	4	248	19198	249	19677	0.00477051	0.000626089	0.00471429	0.0117143	79.0241	20.9731	22	233	
6	6.25	3	40	3	4	205	42442	201	41574	0.00474911	0.000493742	0.00471429	0.0117143	206.836	55.857	56	485	
6	6.25	15	41	1	4	248	8080	248	8080	0.00477074	0.000889001	0.00471429	0.0187143	32.5806	11.8257	22	217	
6.25	6.5	10	1	16	4	95	5472	96	5625	0.0052247	0.00232603	0.00471429	0.0187143	58.5938	51.1741	26	277	
6.25	6.5	16	3	4	4	104	3805	105	3898	0.00484762	0.000961436	0.00471429	0.0117143	37.1238	14.6029	18	113	
6.25	6.5	19	4	6	4	217	48154	217	48742	0.00503687	0.00147105	0.00471429	0.0117143	224.618	111.919	32	749	
6.25	6.5	1	5	1	4	222	37062	220	36889	0.00550974	0.00222665	0.00471429	0.0117143	167.677	86.0722	32	373	
6.25	6.5	21	6	4	4	108	2702	111	2756	0.00471429	0	0.00471429	0.00471429	24.8288	3.09214	8	26	
6.25	6.5	8	7	3	4	217	68955	216	67131	0.00500595	0.00140203	0.00471429	0.0117143	310.792	147.541	56	749	
6.25	6.5	21	8	1	4	250	8221	250	8153	0.00471429	0	0.00471429	0.00471429	32.612	5.92638	18	49	
6.25	6.5	7	9	4	4	1	22	2	44	0.00471429	0	0.00471429	0.00471429	22	0	22	22	
6.25	6.5	17	10	1	4	133	17781	133	18228	0.00608271	0.00349561	0.00471429	0.0187143	137.053	79.8509	18	277	
6.25	6.5	14	13	6	4	94	13987	90	12879	0.00564762	0.00239287	0.00471429	0.0117143	143.1	77.6861	16	277	
6.25	6.5	14	14	1	4	179	43375	178	43522	0.0055008	0.00221689	0.00471429	0.0117143	244.506	107.266	18	373	
6.25	6.5	4	15	1	4	132	42096	132	41720	0.00471429	0	0.00471429	0.00471429	316.061	99.6827	41	437	
6.25	6.5	17	16	4	4	86	13087	87	13064	0.00680624	0.00454341	0.00471429	0.0257143	150.161	76.1589	28	277	
6.25	6.5	19	17	1	4	15	1210	14	933	0.00471429	0	0.00471429	0.00471429	66.6429	68.3415	26	201	
6.25	6.5	5	18	10	4	147	27334	147	27102	0.00542857	0.00212616	0.00471429	0.0117143	184.367	61.9438	92	277	
6.25	6.5	10	20	7	4	92	6032	92	5976	0.00524689	0.00213527	0.00471429	0.0187143	64.9565	47.7822	26	277	
6.25	6.5	5	21	1	4	138	27732	138	28056	0.00623602	0.00289782	0.00471429	0.0117143	203.304	85.135	18	277	
6.25	6.5	1	22	3	4	232	33447	233	33996	0.0052851	0.00191982	0.00471429	0.0117143	145.906	61.3532	85	437	
6.25	6.5	21	23	6	4	244	4959	244	4934	0.00471429	0	0.00471429	0.00471429	20.2213	6.1437	11	67	
6.25	6.5	5	24	5	4	142	22595	142	22595	0.00599598	0.00271681	0.00471429	0.0117143	159.12	86.7545	71	277	
6.25	6.5	17	25	6	4	109	14185	107	13972	0.0063498	0.00403146	0.00471429	0.0257143	130.579	66.4361	11	277	
6.25	6.5	19	26	4	4	145	30153	145	29073	0.00543842	0.00213919	0.00471429	0.0117143	200.503	108.71	32	373	
6.25	6.5	16	27	1	4	179	11998	178	12095	0.00491091	0.00115987	0.00471429	0.0117143	67.9494	39.9039	32	301	
6.25	6.5	3	29	1	4	100	17000	98	16557	0.00471429	0	0.00471429	0.00471429	168.949	60.0986	9	517	
6.25	6.5	16	30	6	4	181	12634	181	12747	0.00483031	0.000896176	0.00471429	0.0117143	70.4254	27.9225	32	277	
6.25	6.5	10	31	1	4	92	7709	92	7652	0.00509472	0.00159561	0.00471429	0.0117143	83.1739	33.942	32	225	
6.25	6.5	15	32	6	4	243	8289	242	8217	0.00488784	0.00155228	0.00471429	0.0187143	33.9545	17.6826	30	217	
6.25	6.5	8	33	1	4	59	6620	58	6266	0.00471429	0	0.00471429	0.00471429	108.034	72.4111	32	233	
6.25	6.5	9	34	1	4	6	488	6	488	0.00471429	0	0.00471429	0.00471429	81.3333	40.2476	47	157	
6.25	6.5	10	36	19	4	92	6237	91	6371	0.00548352	0.00265027	0.00471429	0.0187143	70.011	61.739	31	277	
6.25	6.5	10	37	21	4	90	7197	90	7265	0.00533651	0.00249304	0.00471429	0.0187143	80.7222	49.14	32	277	
6.25	6.5	12	38	1	4	242	58730	241	58537	0.00494665	0.00125663	0.00471429	0.0117143	242.892	128.862	28	517	
6.25	6.5	7	39	1	4	250	19412	250	19466	0.00471429	0	0.00471429	0.00471429	77.864	12.4979	22	97	
6.25	6.5	3	40	3	4	199	40196	199	40356	0.00471429	0	0.00471429	0.00471429	202.794	65.4034	23	517	
6.25	6.5	15	41	1	4	250	7914	250	7914	0.00471429	0	0.00471429	0.00471429	31.656	1.77263	22	32	
6.5	6.75	10	1	16	4	89	6412	87	5674	0.0056798	0.00305168	0.00471429	0.0187143	65.2184	44.9388	26	277	
6.5	6.75	16	3	4	4	21	701	23	737	0.00471429	0	0.00471429	0.00471429	32.0435	10.5593	12	49	
6.5	6.75	19	4	6	4	201	47633	205	47829	0.00471429	0	0.00471429	0.00471429	233.312	126.738	3	621	
6.5	6.75	1	5	1	4	222	37178	224	37776	0.00562053	0.00235525	0.00471429	0.0117143	168.643	85.812	32	373	
6.5	6.75	21	6	4	4	7	122	7	122	0.00471429	0	0.00471429	0.00471429	17.4286	4.72077	8	24	
6.5	6.75	8	7	3	4	205	70674	206	71259	0.00478225	0.000688046	0.00471429	0.0117143	345.917	134.761	56	749	
6.5	6.75	21	8	1	4	203	13526	206	13453	0.00481623	0.000840613	0.00471429	0.0117143	65.3058	58.9909	22	269	
6.5	6.75	7	9	4	4	4	133	4	133	0.00471429	0	0.00471429	0.00471429	33.25	22.5	22	67	
6.5	6.75	17	10	1	4	150	20157	150	19586	0.00546095	0.00231478	0.00471429	0.0187143	130.573	58.2452	18	277	
6.5	6.75	14	13	6	4	135	25557	137	26111	0.00573618	0.00248071	0.00471429	0.0117143	190.591	70.5013	93	277	
6.5	6.75	14	14	1	4	153	23935	155	24797	0.00548203	0.0021945	0.00471429	0.0117143	159.981	65.0697	18	277	
6.5	6.75	4	15	1	4	133	39958	136	41234	0.00471429	0	0.00471429	0.00471429	303.191	117.574	11	437	
6.5	6.75	17	16	4	4	133	15430	131	14980	0.0051952	0.00197815	0.00471429	0.0187143	114.351	52.6857	91	277	
6.5	6.75	19	17	1	4	6	334	4	484	0.00646429	0.0035	0.00471429	0.0117143	121	104	69	277	
6.5	6.75	5	18	10	4	128	23080	128	23196	0.00673772	0.00318576	0.00471429	0.0117143	181.219	79.0675	93	277	
6.5	6.75	10	20	7	4	86	6924	85	7167	0.00594958	0.00344566	0.00471429	0.0187143	84.3176	60.1582	26	277	
6.5	6.75	5	21	1	4	131	23055	131	22587	0.00647764	0.00305043	0.00471429	0.0117143	172.42	86.0081	18	277	
6.5	6.75	1	22	3	4	226	31747	227	31952	0.0053927	0.00207548	0.00471429	0.0117143	140.758	54.1809	85	233	
6.5	6.75	21	23	6	4	242	13910	241	12333	0.00494665	0.00125663	0.00471429	0.0117143	51.1743	47.0931	11	341	
6.5	6.75	5	24	5	4	131	23731	130	23862	0.00686813	0.00324327	0.00471429	0.0117143	183.554	88.3007	73	277	
6.5	6.75	17	25	6	4	156	18367	156	18026	0.00547711	0.0024603	0.00471429	0.0187143	115.551	58.5419	11	277	
6.5	6.75	19	26	4	4	100	22723	103	23943	0.00491817	0.00118288	0.00471429	0.0117143	232.456	120.826	8	373	
6.5	6.75	16	27	1	4	223	22190	222	21977	0.00518726	0.00176099	0.00471429	0.0117143	98.9955	35.7938	32	233	
6.5	6.75	3	29	1	4	126	25793	130	26348	0.00476813	0.000613941	0.00471429	0.0117143	202.677	88.5629	24	517	
6.5	6.75	16	30	6	4	203	26700	202	26564	0.0058925	0.0028051	0.00471429	0.0187143	131.505	78.2394	32	373	
6.5	6.75	10	31	1	4	82	7470	84	7652	0.00488095	0.0010736	0.00471429	0.0117143	91.0952	32.4032	11	173	
6.5	6.75	15	32	6	4	215	16181	214	15096	0.00579372	0.00417889	0.00471429	0.0257143	70.5421	89.1716	31	301	
6.5	6.75	9	34	1	4	1	116	1	116	0.00471429	0	0.00471429	0.00471429	116	0	116	116	
6.5	6.75	10	36	19	4	85	7517	85	6898	0.00611429	0.00354965	0.00471429	0.0187143	81.1529	57.4302	26	277	
6.5	6.75	10	37	21	4	88	8507	88	8607	0.00582792	0.00298052	0.00471429	0.0187143	97.8068	59.6948	32	277	
6.5	6.75	12	38	1	4	194	43394	197	43709	0.00517621	0.00174228	0.00471429	0.0117143	221.873	126.846	26	693	
6.5	6.75	7	39	1	4	250	19497	250	19425	0.00471429	0	0.00471429	0.00471429	77.7	12.0054	22	97	
6.5	6.75	3	40	3	4	167	42625	167	40443	0.00484003	0.000932542	0.00471429	0.0117143	242.174	123.09	56	517	
6.5	6.75	15	41	1	4	221	14281	217	12425	0.00542396	0.00322225	0.00471429	0.0257143	57.2581	67.3508	22	373	
6.5	6.75	8	33	1	4	0	0	1	354	0.0117143	0	0.0117143	0.0117143	354	0	354	354	
6.75	7	10	1	16	4	81	6724	83	7506	0.00648537	0.00359988	0.00471429	0.0187143	90.4337	71.6067	18	277	
6.75	7	16	3	4	4	28	1238	27	1145	0.00549206	0.00224179	0.00471429	0.0117143	42.4074	41.5	18	180	
6.75	7	19	4	6	4	75	17937	75	17937	0.00480762	0.00080829	0.00471429	0.0117143	239.16	117.553	49	621	
6.75	7	1	5	1	4	211	40509	211	40141	0.00600812	0.0027236	0.00471429	0.0117143	190.242	90.7628	32	373	
6.75	7	21	6	4	4	11	208	11	208	0.00471429	0	0.00471429	0.00471429	18.9091	2.87939	16	26	
6.75	7	8	7	3	4	242	78984	241	79163	0.00477238	0.000636353	0.00471429	0.0117143	328.477	111.356	56	621	
6.75	7	21	8	1	4	145	10285	145	10285	0.00534187	0.00232123	0.00471429	0.0187143	70.931	74.0244	16	373	
6.75	7	7	9	4	4	1	22	1	22	0.00471429	0	0.00471429	0.00471429	22	0	22	22	
6.75	7	17	10	1	4	161	17909	161	18297	0.00493168	0.00121807	0.00471429	0.0117143	113.646	34.27	63	277	
6.75	7	14	13	6	4	120	26240	119	26383	0.00706723	0.00332068	0.00471429	0.0117143	221.706	66.1967	93	277	
6.75	7	14	14	1	4	133	24052	133	23600	0.00634586	0.00297075	0.00471429	0.0117143	177.444	73.2053	18	277	
6.75	7	4	15	1	4	98	26854	99	26910	0.00471429	0	0.00471429	0.00471429	271.818	132.093	4	437	
6.75	7	17	16	4	4	160	16080	160	16528	0.00506429	0.0015304	0.00471429	0.0117143	103.3	34.0198	93	277	
6.75	7	19	17	1	4	18	3260	21	3387	0.00471429	0	0.00471429	0.00471429	161.286	176.092	26	749	
6.75	7	5	18	10	4	123	24180	124	24527	0.00725461	0.00337952	0.00471429	0.0117143	197.798	76.2901	93	277	
6.75	7	10	19	12	4	3	596	3	596	0.00704762	0.00404145	0.00471429	0.0117143	198.667	135.677	42	277	
6.75	7	10	20	7	4	82	7029	84	7127	0.00646429	0.00404753	0.00471429	0.0187143	84.8452	70.3215	26	277	
6.75	7	5	21	1	4	127	22832	126	22555	0.00688095	0.003249	0.00471429	0.0117143	179.008	91.6248	18	277	
6.75	7	1	22	3	4	224	34451	224	34139	0.00546429	0.00216991	0.00471429	0.0117143	152.406	54.3895	85	233	
6.75	7	21	23	6	4	161	15714	162	16221	0.00622663	0.00410762	0.00471429	0.0257143	100.13	114.829	16	517	
6.75	7	5	24	5	4	122	20542	121	20061	0.00714404	0.00346609	0.00471429	0.0187143	165.793	90.3543	73	277	
6.75	7	17	25	6	4	160	16023	162	16761	0.00497354	0.00132607	0.00471429	0.0117143	103.463	39.1686	92	277	
6.75	7	19	26	4	4	128	29269	125	27833	0.00477028	0.000626099	0.00471429	0.0117143	222.664	106.032	14	469	
6.75	7	16	27	1	4	210	23745	210	23337	0.00541429	0.00221359	0.00471429	0.0187143	111.129	63.3886	32	301	
6.75	7	3	29	1	4	97	29250	97	29250	0.00471429	0	0.00471429	0.00471429	301.546	223.302	28	839	
6.75	7	16	30	6	4	199	28768	199	28792	0.00555851	0.00258997	0.00471429	0.0187143	144.683	91.4589	29	373	
6.75	7	10	31	1	4	55	5640	53	5342	0.00524259	0.00186675	0.00471429	0.0117143	100.792	58.241	26	225	
6.75	7	15	32	6	4	110	38139	116	39569	0.00640394	0.00387503	0.00471429	0.0187143	341.112	184.702	32	693	
6.75	7	10	36	19	4	84	6425	85	6930	0.00603193	0.00332813	0.00471429	0.0187143	81.5294	66.9327	18	277	
6.75	7	10	37	21	4	83	8768	81	8214	0.00592416	0.00266325	0.00471429	0.0117143	101.407	62.2125	32	277	
6.75	7	12	38	1	4	86	22284	84	22733	0.00554762	0.00228053	0.00471429	0.0117143	270.631	199.272	28	839	
6.75	7	7	39	1	4	250	19208	250	19208	0.00471429	0	0.00471429	0.00471429	76.832	14.8666	22	97	
6.75	7	3	40	3	4	107	30553	108	32146	0.00484391	0.000948118	0.00471429	0.0117143	297.648	192.282	56	839	
6.75	7	15	41	1	4	81	16386	82	16223	0.00676307	0.00432878	0.00471429	0.0187143	197.841	138.725	22	693	
7	7.25	10	1	16	4	83	6993	81	6563	0.006097	0.00339694	0.00471429	0.0187143	81.0247	58.8271	26	277	
7	7.25	16	3	4	4	34	1248	34	1248	0.00471429	0	0.00471429	0.00471429	36.7059	26.6351	18	133	
7	7.25	19	4	6	4	77	19662	77	19662	0.00471429	0	0.00471429	0.00471429	255.351	142.001	49	749	
7	7.25	1	5	1	4	162	34495	161	34602	0.00540994	0.00210072	0.00471429	0.0117143	214.919	138.509	21	621	
7	7.25	21	6	4	4	15	310	15	310	0.00471429	0	0.00471429	0.00471429	20.6667	11.3242	8	47	
7	7.25	8	7	3	4	248	81559	248	81559	0.00477074	0.000627345	0.00471429	0.0117143	328.867	106.551	253	621	
7	7.25	21	8	1	4	176	10821	172	10481	0.00520266	0.00246256	0.00471429	0.0257143	60.936	77.2501	18	373	
7	7.25	7	9	4	4	2	44	2	44	0.00471429	0	0.00471429	0.00471429	22	0	22	22	
7	7.25	17	10	1	4	166	15256	166	15256	0.00471429	0	0.00471429	0.00471429	91.9036	5.64745	62	93	
7	7.25	14	13	6	4	83	16999	85	17185	0.00842017	0.00351468	0.00471429	0.0117143	202.176	53.6934	93	277	
7	7.25	14	14	1	4	111	27081	109	26899	0.0082464	0.00351602	0.00471429	0.0117143	246.78	63.9853	18	277	
7	7.25	4	15	1	4	111	35508	108	34437	0.00490873	0.00115571	0.00471429	0.0117143	318.861	135.62	12	621	
7	7.25	17	16	4	4	163	15445	164	15558	0.00488502	0.00108311	0.00471429	0.0117143	94.8659	13.3786	73	161	
7	7.25	5	18	10	4	120	23168	120	23350	0.00763095	0.00346552	0.00471429	0.0117143	194.583	81.2412	93	277	
7	7.25	10	19	12	4	3	596	3	596	0.0117143	0.007	0.00471429	0.0187143	198.667	135.677	42	277	
7	7.25	10	20	7	4	87	7405	87	7281	0.0056798	0.00305168	0.00471429	0.0187143	83.6897	58.3839	32	277	
7	7.25	5	21	1	4	113	20557	115	21131	0.00751428	0.00344429	0.00471429	0.0117143	183.748	89.3632	73	277	
7	7.25	1	22	3	4	141	23350	145	24026	0.00543842	0.00213919	0.00471429	0.0117143	165.697	79.204	59	437	
7	7.25	21	23	6	4	214	8775	213	9367	0.00484574	0.000952453	0.00471429	0.0117143	43.9765	53.3763	18	592	
7	7.25	5	24	5	4	122	22338	121	21857	0.00731759	0.00362969	0.00471429	0.0187143	180.636	90.9505	73	277	
7	7.25	17	25	6	4	166	15799	165	15706	0.00475671	0.000544949	0.00471429	0.0117143	95.1879	13.0106	73	161	
7	7.25	19	26	4	4	78	21619	82	23111	0.00548258	0.00220156	0.00471429	0.0117143	281.841	118.987	32	749	
7	7.25	16	27	1	4	143	17925	142	18412	0.00525654	0.00205465	0.00471429	0.0187143	129.662	77.4698	26	301	
7	7.25	3	29	1	4	85	25315	85	25315	0.0050437	0.00149115	0.00471429	0.0117143	297.824	194.889	51	839	
7	7.25	16	30	6	4	210	30215	209	29362	0.00528366	0.00203721	0.00471429	0.0187143	140.488	71.7655	32	373	
7	7.25	10	31	1	4	52	5107	51	4894	0.0052633	0.00190067	0.00471429	0.0117143	95.9608	51.5073	26	225	
7	7.25	15	32	6	4	158	30757	153	28500	0.00604108	0.00347705	0.00471429	0.0187143	186.275	193.642	32	839	
7	7.25	10	36	19	4	85	7788	84	7571	0.00596428	0.00310412	0.00471429	0.0187143	90.131	64.6298	26	277	
7	7.25	10	37	21	4	85	9164	87	9482	0.0060821	0.0029888	0.00471429	0.0187143	108.989	65.9275	32	277	
7	7.25	12	38	1	4	172	52440	174	52074	0.00507635	0.00155476	0.00471429	0.0117143	299.276	220.642	28	839	
7	7.25	7	39	1	4	246	21313	246	21349	0.00482811	0.000887126	0.00471429	0.0117143	86.7846	35.4116	22	373	
7	7.25	3	40	3	4	111	29710	110	29014	0.00503247	0.00146477	0.00471429	0.0117143	263.764	138.702	56	839	
7	7.25	15	41	1	4	78	5561	81	6460	0.00601058	0.00457833	0.00471429	0.0257143	79.7531	97.2398	11	373	
7.25	7.5	10	1	16	4	81	6095	82	6452	0.0061655	0.00360436	0.00471429	0.0187143	78.6829	64.994	26	277	
7.25	7.5	16	3	4	4	50	1872	50	1872	0.00527429	0.00191833	0.00471429	0.0117143	37.44	34.3364	10	201	
7.25	7.5	19	4	6	4	131	32798	127	31626	0.00482452	0.000874945	0.00471429	0.0117143	249.024	134.832	15	533	
7.25	7.5	1	5	1	4	165	32220	165	31700	0.00530822	0.00195653	0.00471429	0.0117143	192.121	122.381	12	621	
7.25	7.5	21	6	4	4	10	610	10	610	0.00471429	0	0.00471429	0.00471429	61	78.344	22	237	
7.25	7.5	8	7	3	4	248	80886	248	80670	0.00477074	0.000627345	0.00471429	0.0117143	325.282	109.979	125	749	
7.25	7.5	21	8	1	4	58	12554	61	12297	0.00677986	0.00411043	0.00471429	0.0187143	201.59	206.904	6	839	
7.25	7.5	7	9	4	4	4	88	4	88	0.00471429	0	0.00471429	0.00471429	22	0	22	22	
7.25	7.5	17	10	1	4	162	14481	163	14574	0.00484312	0.000943773	0.00471429	0.0117143	89.411	14.3805	18	93	
7.25	7.5	14	13	6	4	60	10964	59	10739	0.00684988	0.00325077	0.00471429	0.0117143	182.017	51.8916	93	277	
7.25	7.5	14	14	1	4	145	31800	147	32171	0.00666667	0.00314998	0.00471429	0.0117143	218.85	88.933	18	373	
7.25	7.5	4	15	1	4	119	39753	121	40657	0.00488784	0.00109299	0.00471429	0.0117143	336.008	134.61	4	621	
7.25	7.5	17	16	4	4	156	11996	155	11943	0.00503041	0.00166224	0.00471429	0.0187143	77.0516	17.2679	73	161	
7.25	7.5	5	18	10	4	138	25961	138	25757	0.0059824	0.00270587	0.00471429	0.0117143	186.645	81.9416	93	277	
7.25	7.5	10	19	12	4	9	1200	9	1200	0.00704762	0.0035	0.00471429	0.0117143	133.333	108.009	44	277	
7.25	7.5	10	20	7	4	81	7232	81	7356	0.00626984	0.00367083	0.00471429	0.0187143	90.8148	65.4748	26	277	
7.25	7.5	5	21	1	4	83	12343	83	12547	0.00648537	0.00306166	0.00471429	0.0117143	151.169	89.2293	73	277	
7.25	7.5	1	22	3	4	95	19647	95	19647	0.00596692	0.00269739	0.00471429	0.0117143	206.811	104.479	20	437	
7.25	7.5	21	23	6	4	36	4653	33	3320	0.00492641	0.00121854	0.00471429	0.0117143	100.606	93.8636	32	373	
7.25	7.5	5	24	5	4	134	27801	137	28816	0.00670699	0.0031704	0.00471429	0.0117143	210.336	91.3064	73	277	
7.25	7.5	17	25	6	4	155	12362	155	12422	0.00503041	0.00166224	0.00471429	0.0187143	80.1419	18.0474	72	161	
7.25	7.5	19	26	4	4	115	24823	115	24823	0.00501863	0.00143377	0.00471429	0.0117143	215.852	131.148	32	749	
7.25	7.5	16	27	1	4	193	22745	193	21937	0.00569356	0.00243447	0.00471429	0.0117143	113.663	79.5897	26	373	
7.25	7.5	3	29	1	4	42	13036	42	13036	0.00471429	0	0.00471429	0.00471429	310.381	194.071	107	839	
7.25	7.5	16	30	6	4	202	24858	201	24637	0.00534115	0.00200377	0.00471429	0.0117143	122.572	82.3939	32	373	
7.25	7.5	10	31	1	4	9	407	9	407	0.00471429	0	0.00471429	0.00471429	45.2222	26.1141	18	73	
7.25	7.5	15	32	6	4	11	4430	13	5672	0.00579121	0.00262874	0.00471429	0.0117143	436.308	221.093	56	839	
7.25	7.5	8	33	1	4	10	610	10	610	0.00471429	0	0.00471429	0.00471429	61	59.2921	32	217	
7.25	7.5	10	36	19	4	80	7177	81	7498	0.00678836	0.00434965	0.00471429	0.0187143	92.5679	76.5865	26	277	
7.25	7.5	10	37	21	4	82	7778	82	7916	0.00573868	0.00248936	0.00471429	0.0117143	96.5366	63.7658	32	277	
7.25	7.5	12	38	1	4	128	60108	130	60675	0.00606044	0.00290338	0.00471429	0.0187143	466.731	287.234	8	839	
7.25	7.5	7	39	1	4	246	23188	246	22900	0.00482811	0.000887126	0.00471429	0.0117143	93.0894	31.9795	22	217	
7.25	7.5	3	40	3	4	78	40289	82	42282	0.00471429	0	0.00471429	0.00471429	515.634	299.145	59	839	
7.25	7.5	15	41	1	4	35	6472	34	6239	0.00594958	0.00321039	0.00471429	0.0187143	183.5	250.783	11	839	
7.5	7.75	10	1	16	4	79	7213	79	7271	0.00675226	0.00436314	0.00471429	0.0187143	92.038	75.1159	26	277	
7.5	7.75	19	4	6	4	150	41631	154	42803	0.00471429	0	0.00471429	0.00471429	277.942	138.375	13	533	
7.5	7.75	1	5	1	4	226	33706	227	34511	0.005146	0.00168766	0.00471429	0.0117143	152.031	75.2755	32	533	
7.5	7.75	8	7	3	4	225	72666	229	74110	0.00474485	0.000462573	0.00471429	0.0117143	323.624	112.323	56	621	
7.5	7.75	21	8	1	4	60	7664	57	7252	0.0049599	0.00129946	0.00471429	0.0117143	127.228	105.801	22	485	
7.5	7.75	7	9	4	4	1	22	1	22	0.00471429	0	0.00471429	0.00471429	22	0	22	22	
7.5	7.75	17	10	1	4	154	15751	154	15751	0.00521429	0.00197782	0.00471429	0.0187143	102.279	50.9364	18	277	
7.5	7.75	14	14	1	4	163	35415	163	35758	0.00527257	0.00190223	0.00471429	0.0117143	219.374	86.942	18	373	
7.5	7.75	4	15	1	4	140	46777	137	45516	0.00471429	0	0.00471429	0.00471429	332.234	115.181	41	533	
7.5	7.75	17	16	4	4	147	12979	147	12979	0.00538095	0.00221864	0.00471429	0.0187143	88.2925	49.1544	73	277	
7.5	7.75	5	18	10	4	140	34071	140	34051	0.00636428	0.00298178	0.00471429	0.0117143	243.221	69.8169	52	373	
7.5	7.75	10	19	12	4	24	2412	23	2135	0.00623602	0.00295219	0.00471429	0.0117143	92.8261	78.2407	23	277	
7.5	7.75	10	20	7	4	80	6551	79	6502	0.00595479	0.00312236	0.00471429	0.0187143	82.3038	58.7173	26	277	
7.5	7.75	5	21	1	4	76	15857	76	15489	0.0067406	0.00319572	0.00471429	0.0117143	203.803	95.1305	11	277	
7.5	7.75	1	22	3	4	88	14880	88	14880	0.00582792	0.002575	0.00471429	0.0117143	169.091	76.466	47	301	
7.5	7.75	21	23	6	4	47	6691	48	7238	0.00529762	0.00195517	0.00471429	0.0117143	150.792	101.813	20	405	
7.5	7.75	5	24	5	4	130	28261	128	27523	0.00613616	0.00282734	0.00471429	0.0117143	215.023	86.5406	92	277	
7.5	7.75	17	25	6	4	155	13795	155	13795	0.00512074	0.00182585	0.00471429	0.0187143	89	51.0462	73	277	
7.5	7.75	19	26	4	4	86	18814	82	17882	0.00471429	0	0.00471429	0.00471429	218.073	169.956	32	749	
7.5	7.75	16	27	1	4	222	27272	223	28055	0.00559321	0.00241777	0.00471429	0.0187143	125.807	69.6827	32	373	
7.5	7.75	3	29	1	4	81	18781	81	18781	0.00471429	0	0.00471429	0.00471429	231.864	124.572	6	839	
7.5	7.75	16	30	6	4	217	30198	219	31208	0.00580104	0.00271198	0.00471429	0.0187143	142.502	80.7249	49	373	
7.5	7.75	10	31	1	4	12	620	11	419	0.00471429	0	0.00471429	0.00471429	38.0909	23.7085	18	73	
7.5	7.75	15	32	6	4	156	12554	150	11820	0.00728095	0.00603726	0.00471429	0.0257143	78.8	93.9961	17	373	
7.5	7.75	8	33	1	4	10	610	10	610	0.00471429	0	0.00471429	0.00471429	61	62.2629	7	217	
7.5	7.75	10	36	19	4	74	7438	75	7628	0.00667429	0.00423767	0.00471429	0.0187143	101.707	77.9306	26	277	
7.5	7.75	10	37	21	4	76	8079	77	8240	0.00598701	0.0031566	0.00471429	0.0187143	107.013	65.9598	32	277	
7.5	7.75	12	38	1	4	154	53936	153	53251	0.00599533	0.00335304	0.00471429	0.0187143	348.046	270.744	28	839	
7.5	7.75	7	39	1	4	245	24971	245	25175	0.00485714	0.000991769	0.00471429	0.0117143	102.755	39.7896	22	217	
7.5	7.75	3	40	3	4	119	35359	119	35359	0.0052437	0.00185867	0.00471429	0.0117143	297.134	184.946	50	839	
7.5	7.75	15	41	1	4	12	1689	13	1922	0.00686813	0.00525747	0.00471429	0.0187143	147.846	125.112	11	373	
7.75	8	10	1	16	4	83	5986	83	5952	0.00606368	0.00336203	0.00471429	0.0187143	71.7108	57.4833	26	277	
7.75	8	16	3	4	4	67	3736	67	3736	0.00523667	0.0018534	0.00471429	0.0117143	55.7612	43.2985	18	201	
7.75	8	19	4	6	4	92	24360	88	23284	0.00511201	0.00162975	0.00471429	0.0117143	264.591	153.935	9	533	
7.75	8	1	5	1	4	232	33204	232	31796	0.00525739	0.00187668	0.00471429	0.0117143	137.052	72.4145	32	469	
7.75	8	8	7	3	4	173	55769	172	55657	0.00475498	0.000533745	0.00471429	0.0117143	323.587	117.067	5	621	
7.75	8	21	8	1	4	69	9190	72	9602	0.00529762	0.0028172	0.00471429	0.0187143	133.361	151.856	13	839	
7.75	8	7	9	4	4	2	44	2	44	0.00471429	0	0.00471429	0.00471429	22	0	22	22	
7.75	8	17	10	1	4	137	20320	137	20320	0.00640042	0.00345081	0.00471429	0.0257143	148.321	92.0102	18	277	
7.75	8	14	14	1	4	145	25838	146	25815	0.00591292	0.00264606	0.00471429	0.0117143	176.815	77.0495	18	277	
7.75	8	4	15	1	4	147	47236	147	47236	0.00471429	0	0.00471429	0.00471429	321.333	72.1657	41	437	
7.75	8	17	16	4	4	116	15392	116	15188	0.00628325	0.00293176	0.00471429	0.0117143	130.931	89.403	73	277	
7.75	8	19	17	1	4	19	1218	19	1218	0.00508271	0.00160591	0.00471429	0.0117143	64.1053	61.3658	26	173	
7.75	8	5	18	10	4	127	30899	128	31032	0.00755803	0.00345143	0.00471429	0.0117143	242.438	73.8327	113	373	
7.75	8	10	19	12	4	2	554	0	0	0	0	0	0	0	0	0	0	
7.75	8	10	20	7	4	78	7168	79	7234	0.00648644	0.00395795	0.00471429	0.0187143	91.5696	69.1067	26	277	
7.75	8	5	21	1	4	49	9419	51	9973	0.00677311	0.00322125	0.00471429	0.0117143	195.549	104.229	11	373	
7.75	8	1	22	3	4	187	27136	187	27136	0.00553781	0.00226138	0.00471429	0.0117143	145.112	73.3039	60	301	
7.75	8	21	23	6	4	85	8019	88	8234	0.00471429	0	0.00471429	0.00471429	93.5682	95.6346	3	508	
7.75	8	5	24	5	4	102	25456	102	25456	0.0072535	0.00338217	0.00471429	0.0117143	249.569	64.6296	93	277	
7.75	8	17	25	6	4	114	15966	114	15966	0.00649499	0.00346093	0.00471429	0.0187143	140.053	94.2425	73	277	
7.75	8	19	26	4	4	83	20839	87	21771	0.00503612	0.00147455	0.00471429	0.0117143	250.241	194.66	10	749	
7.75	8	16	27	1	4	173	15919	173	15990	0.00596862	0.00289628	0.00471429	0.0187143	92.4277	59.511	26	373	
7.75	8	3	29	1	4	21	4955	21	4955	0.00471429	0	0.00471429	0.00471429	235.952	108.225	125	373	
7.75	8	16	30	6	4	182	21690	182	21898	0.00548352	0.00219531	0.00471429	0.0117143	120.319	74.1322	32	373	
7.75	8	15	32	6	4	36	3772	40	3944	0.00646428	0.00468905	0.00471429	0.0187143	98.6	103.741	18	373	
7.75	8	8	33	1	4	13	1208	13	1208	0.00471429	0	0.00471429	0.00471429	92.9231	74.4955	32	217	
7.75	8	10	36	19	4	83	7067	83	7050	0.00648537	0.00421185	0.00471429	0.0187143	84.9398	70.5911	26	277	
7.75	8	10	37	21	4	81	7644	81	7644	0.00644268	0.00323269	0.00471429	0.0187143	94.3704	66.0966	32	277	
7.75	8	12	38	1	4	115	24609	112	24394	0.00490179	0.00147368	0.00471429	0.0187143	217.804	136.32	28	839	
7.75	8	7	39	1	4	247	22030	247	22117	0.00477097	0.000628608	0.00471429	0.0117143	89.5425	22.0077	22	217	
7.75	8	3	40	3	4	184	55219	180	53727	0.00521984	0.00181704	0.00471429	0.0117143	298.483	158.412	12	839	
7.75	8	15	41	1	4	91	9727	89	9408	0.00495024	0.00127049	0.00471429	0.0117143	105.708	139.854	11	373	
8	8.25	10	1	16	4	83	5804	83	5844	0.00589501	0.00342567	0.00471429	0.0187143	70.4096	58.1384	32	277	
8	8.25	16	3	4	4	42	2381	40	2331	0.00506428	0.00154505	0.00471429	0.0117143	58.275	44.1478	4	161	
8	8.25	19	4	6	4	136	29008	136	29586	0.00471429	0	0.00471429	0.00471429	217.544	94.6645	45	533	
8	8.25	1	5	1	4	205	33333	205	34741	0.00549965	0.00221465	0.00471429	0.0117143	169.468	109.246	32	621	
8	8.25	8	7	3	4	193	67512	190	66228	0.00471429	0	0.00471429	0.00471429	348.568	104.213	56	621	
8	8.25	21	8	1	4	102	9955	99	9814	0.00535065	0.00284445	0.00471429	0.0187143	99.1313	140.68	22	839	
8	8.25	7	9	4	4	6	186	5	164	0.00471429	0	0.00471429	0.00471429	32.8	14.7885	22	49	
8	8.25	17	10	1	4	147	17514	146	17277	0.0055773	0.00230929	0.00471429	0.0117143	118.336	86.2818	49	277	
8	8.25	14	14	1	4	151	27573	151	27393	0.00587323	0.00261047	0.00471429	0.0117143	181.411	81.6027	18	277	
8	8.25	4	15	1	4	190	65785	190	65706	0.00482481	0.000874927	0.00471429	0.0117143	345.821	120.813	12	749	
8	8.25	17	16	4	4	138	17300	138	17100	0.00628675	0.00387748	0.00471429	0.0187143	123.913	86.4376	72	277	
8	8.25	19	17	1	4	15	1212	12	1037	0.00529762	0.00202073	0.00471429	0.0117143	86.4167	83.0635	26	277	
8	8.25	5	18	10	4	136	32096	135	31983	0.00678836	0.00320827	0.00471429	0.0117143	236.911	70.7427	113	277	
8	8.25	10	19	12	4	3	638	4	1108	0.0152143	0.00404145	0.0117143	0.0187143	277	0	277	277	
8	8.25	10	20	7	4	86	6721	85	6617	0.00578487	0.00333019	0.00471429	0.0187143	77.8471	60.4388	18	277	
8	8.25	1	22	3	4	75	11362	71	10654	0.00579879	0.00255089	0.00471429	0.0117143	150.056	77.6072	43	301	
8	8.25	21	23	6	4	81	6428	80	6055	0.00506429	0.00246546	0.00471429	0.0257143	75.6875	96.0917	32	477	
8	8.25	5	24	5	4	145	33935	145	33935	0.00577635	0.00251998	0.00471429	0.0117143	234.034	81.1224	73	277	
8	8.25	17	25	6	4	143	17183	143	16919	0.00584016	0.00306931	0.00471429	0.0187143	118.315	82.9237	73	277	
8	8.25	19	26	4	4	130	31393	128	30967	0.00482366	0.000871548	0.00471429	0.0117143	241.93	115.693	22	621	
8	8.25	16	27	1	4	212	24103	214	24199	0.00513952	0.00167599	0.00471429	0.0117143	113.079	47.506	26	277	
8	8.25	3	29	1	4	30	4302	29	4205	0.00471429	0	0.00471429	0.00471429	145	49.7307	97	233	
8	8.25	16	30	6	4	196	25718	195	25296	0.00575531	0.00249708	0.00471429	0.0117143	129.723	77.4159	26	373	
8	8.25	15	32	6	4	29	4549	23	3198	0.0108012	0.00643791	0.00471429	0.0187143	139.043	82.2747	20	217	
8	8.25	10	36	19	4	87	6411	86	6355	0.00585382	0.00337173	0.00471429	0.0187143	73.8953	55.9024	26	277	
8	8.25	10	37	21	4	83	8728	83	8718	0.00640103	0.00372181	0.00471429	0.0187143	105.036	68.8577	32	277	
8	8.25	12	38	1	4	148	32487	151	32772	0.00499243	0.0013719	0.00471429	0.0117143	217.033	142.683	11	839	
8	8.25	7	39	1	4	245	23157	245	23082	0.00488571	0.00108416	0.00471429	0.0117143	94.2122	41.272	22	373	
8	8.25	3	40	3	4	172	51273	176	52765	0.00586769	0.00260424	0.00471429	0.0117143	299.801	146.869	56	839	
8	8.25	15	41	1	4	107	7334	107	7334	0.00595728	0.00427992	0.00471429	0.0257143	68.5421	95.1213	11	373	
8.25	8.5	10	1	16	4	89	6464	89	6236	0.00573676	0.00289976	0.00471429	0.0187143	70.0674	51.8557	26	277	
8.25	8.5	16	3	4	4	110	6346	108	5832	0.00510317	0.00187374	0.00471429	0.0187143	54	33.7683	18	201	
8.25	8.5	19	4	6	4	158	26954	158	26860	0.00480289	0.000785049	0.00471429	0.0117143	170	75.0039	32	533	
8.25	8.5	1	5	1	4	234	28981	234	28697	0.00513309	0.00166375	0.00471429	0.0117143	122.637	56.2308	32	269	
8.25	8.5	8	7	3	4	102	37999	106	39395	0.00471429	0	0.00471429	0.00471429	371.651	110.839	56	621	
8.25	8.5	21	8	1	4	69	18881	72	19022	0.00646429	0.00385202	0.00471429	0.0187143	264.194	259.681	11	839	
8.25	8.5	7	9	4	4	4	115	5	137	0.00471429	0	0.00471429	0.00471429	27.4	12.0748	22	49	
8.25	8.5	17	10	1	4	156	29196	156	28788	0.00511813	0.00163738	0.00471429	0.0117143	184.538	102.914	49	277	
8.25	8.5	14	14	1	4	154	32139	152	31769	0.00549718	0.0022135	0.00471429	0.0117143	209.007	78.0633	18	277	
8.25	8.5	4	15	1	4	186	60540	186	60811	0.00471429	0	0.00471429	0.00471429	326.941	108.535	41	437	
8.25	8.5	17	16	4	4	149	28510	149	28302	0.00565388	0.00332116	0.00471429	0.0187143	189.946	102.095	63	277	
8.25	8.5	5	18	10	4	138	34438	137	33997	0.00640042	0.00300429	0.00471429	0.0117143	248.153	64.5827	93	277	
8.25	8.5	10	20	7	4	87	7590	87	7172	0.0056798	0.00305168	0.00471429	0.0187143	82.4368	53.5067	26	277	
8.25	8.5	1	22	3	4	142	17939	142	17815	0.00545372	0.00215919	0.00471429	0.0117143	125.458	61.6043	30	301	
8.25	8.5	21	23	6	4	46	6912	43	6627	0.0061794	0.00419948	0.00471429	0.0257143	154.116	126.044	14	373	
8.25	8.5	5	24	5	4	147	37861	148	38138	0.00570753	0.00245087	0.00471429	0.0117143	257.689	59.9	73	277	
8.25	8.5	17	25	6	4	142	26747	143	26677	0.00515484	0.00189745	0.00471429	0.0187143	186.552	100.746	49	277	
8.25	8.5	19	26	4	4	76	18401	74	17651	0.00528185	0.00192376	0.00471429	0.0117143	238.527	158.575	31	621	
8.25	8.5	16	27	1	4	161	13698	161	13635	0.00540994	0.00250011	0.00471429	0.0187143	84.6894	44.4634	26	225	
8.25	8.5	3	29	1	4	3	375	4	472	0.00471429	0	0.00471429	0.00471429	118	74.2877	53	225	
8.25	8.5	16	30	6	4	167	16120	169	16423	0.00512849	0.00182412	0.00471429	0.0187143	97.1775	62.6608	32	373	
8.25	8.5	15	32	6	4	42	3716	46	4321	0.00882298	0.00618683	0.00471429	0.0257143	93.9348	70.0788	5	277	
8.25	8.5	10	36	19	4	89	6034	89	5913	0.00542215	0.00237028	0.00471429	0.0187143	66.4382	43.4132	26	277	
8.25	8.5	10	37	21	4	88	8155	88	8055	0.00566883	0.00284427	0.00471429	0.0187143	91.5341	48.4047	32	277	
8.25	8.5	12	38	1	4	109	33512	109	33288	0.00580603	0.0027235	0.00471429	0.0187143	305.394	270.547	12	839	
8.25	8.5	7	39	1	4	250	23856	250	23898	0.00471429	0	0.00471429	0.00471429	95.592	29.4256	22	217	
8.25	8.5	3	40	3	4	85	31671	81	29283	0.0065291	0.00308671	0.00471429	0.0117143	361.519	154.853	55	839	
8.25	8.5	15	41	1	4	42	2173	38	1022	0.00471429	0	0.00471429	0.00471429	26.8947	23.4034	11	153	
8.25	8.5	19	17	1	4	0	0	3	175	0.00471429	0	0.00471429	0.00471429	58.3333	45.6107	32	111	
8.5	8.75	10	1	16	4	88	6735	87	6435	0.00576026	0.00292904	0.00471429	0.0187143	73.9655	51.4331	26	277	
8.5	8.75	16	3	4	4	123	7679	126	8194	0.00543651	0.00213781	0.00471429	0.0117143	65.0317	47.2312	18	201	
8.5	8.75	19	4	6	4	115	19162	115	19166	0.00471429	0	0.00471429	0.00471429	166.661	64.0134	11	357	
8.5	8.75	1	5	1	4	233	33384	233	32988	0.0052851	0.00191982	0.00471429	0.0117143	141.579	63.3132	32	269	
8.5	8.75	8	7	3	4	68	27698	67	27642	0.00481876	0.000855186	0.00471429	0.0117143	412.567	147.914	56	621	
8.5	8.75	21	8	1	4	62	21101	57	19401	0.0049599	0.00185435	0.00471429	0.0187143	340.368	350.942	11	839	
8.5	8.75	7	9	4	4	2	44	2	44	0.00471429	0	0.00471429	0.00471429	22	0	22	22	
8.5	8.75	17	10	1	4	141	33608	141	33812	0.00590577	0.00264012	0.00471429	0.0117143	239.801	80.5119	49	277	
8.5	8.75	14	14	1	4	149	31566	151	31988	0.00591958	0.00265159	0.00471429	0.0117143	211.841	70.7432	18	277	
8.5	8.75	4	15	1	4	142	41430	142	40918	0.00471429	0	0.00471429	0.00471429	288.155	86.5087	41	437	
8.5	8.75	17	16	4	4	135	32060	135	32488	0.00616614	0.00363794	0.00471429	0.0187143	240.652	77.3855	63	277	
8.5	8.75	5	18	10	4	91	21817	90	21540	0.00681429	0.00322577	0.00471429	0.0117143	239.333	74.0332	93	277	
8.5	8.75	10	20	7	4	88	6935	89	7416	0.00581541	0.0033202	0.00471429	0.0187143	83.3258	63.1531	32	277	
8.5	8.75	5	21	1	4	103	17567	100	16940	0.00695429	0.00328178	0.00471429	0.0117143	169.4	116.903	11	373	
8.5	8.75	1	22	3	4	213	32130	217	32962	0.00558525	0.00231579	0.00471429	0.0117143	151.899	78.5078	85	301	
8.5	8.75	21	23	6	4	60	16380	61	16287	0.00609133	0.00357381	0.00471429	0.0257143	267	214.49	25	839	
8.5	8.75	5	24	5	4	146	41757	146	41757	0.00644031	0.00302751	0.00471429	0.0117143	286.007	79.1188	73	373	
8.5	8.75	17	25	6	4	136	32314	134	31973	0.00638593	0.0039504	0.00471429	0.0187143	238.604	79.6039	63	277	
8.5	8.75	19	26	4	4	124	28328	126	29280	0.0053254	0.00198382	0.00471429	0.0117143	232.381	104.763	30	469	
8.5	8.75	16	27	1	4	154	13323	153	13330	0.00535481	0.00202489	0.00471429	0.0117143	87.1242	49.1146	26	225	
8.5	8.75	16	30	6	4	157	14233	157	14329	0.00533849	0.00200133	0.00471429	0.0117143	91.2675	55.2577	32	277	
8.5	8.75	15	32	6	4	31	4677	27	4279	0.00678836	0.0046816	0.00471429	0.0187143	158.481	58.5783	19	217	
8.5	8.75	10	36	19	4	88	7113	87	6916	0.0060821	0.00351447	0.00471429	0.0187143	79.4943	57.3029	32	277	
8.5	8.75	10	37	21	4	84	8999	83	8802	0.00640103	0.00387905	0.00471429	0.0187143	106.048	65.0424	32	277	
8.5	8.75	12	38	1	4	38	9982	38	9982	0.00508271	0.00158406	0.00471429	0.0117143	262.684	309.095	20	839	
8.5	8.75	7	39	1	4	250	21096	250	21102	0.00471429	0	0.00471429	0.00471429	84.408	15.7539	11	217	
8.5	8.75	3	40	3	4	64	33967	64	34863	0.00471429	0	0.00471429	0.00471429	544.734	285.386	56	839	
8.5	8.75	15	41	1	4	112	22348	116	23499	0.00592118	0.00295919	0.00471429	0.0187143	202.578	138.161	9	373	
8.75	9	10	1	16	4	86	6279	87	6672	0.00600164	0.00362455	0.00471429	0.0187143	76.6897	62.4113	32	277	
8.75	9	16	3	4	4	105	5654	104	5477	0.00518544	0.0020143	0.00471429	0.0187143	52.6635	37.256	18	277	
8.75	9	19	4	6	4	178	34368	178	34088	0.00498957	0.00136442	0.00471429	0.0117143	191.506	89.6119	47	621	
8.75	9	1	5	1	4	209	49772	209	50000	0.00551811	0.0022371	0.00471429	0.0117143	239.234	146.405	32	749	
8.75	9	8	7	3	4	89	34594	90	34650	0.00471429	0	0.00471429	0.00471429	385	130.933	13	621	
8.75	9	21	8	1	4	85	21859	90	23559	0.00541428	0.00235811	0.00471429	0.0187143	261.767	205.728	11	839	
8.75	9	17	10	1	4	127	26467	127	26263	0.00680877	0.00356222	0.00471429	0.0187143	206.795	98.6315	49	277	
8.75	9	14	14	1	4	134	24502	132	24052	0.00715368	0.00334814	0.00471429	0.0117143	182.212	83.1691	18	277	
8.75	9	4	15	1	4	110	31160	111	31933	0.00490347	0.00114028	0.00471429	0.0117143	287.685	138.106	41	749	
8.75	9	17	16	4	4	111	25298	112	25147	0.00796429	0.00514037	0.00471429	0.0187143	224.527	90.7804	63	277	
8.75	9	5	18	10	4	83	15414	84	16059	0.00704762	0.00331965	0.00471429	0.0117143	191.179	92.8096	60	277	
8.75	9	10	19	12	4	3	596	2	554	0.00821428	0.00494975	0.00471429	0.0117143	277	0	277	277	
8.75	9	10	20	7	4	86	7311	86	7311	0.00601661	0.00364311	0.00471429	0.0187143	85.0116	63.6578	32	277	
8.75	9	5	21	1	4	137	31574	137	31370	0.00634932	0.00297261	0.00471429	0.0117143	228.978	98.2535	11	373	
8.75	9	1	22	3	4	146	21732	141	20993	0.00555826	0.00228749	0.00471429	0.0117143	148.887	59.4473	67	233	
8.75	9	21	23	6	4	86	19225	86	19491	0.00552824	0.00292459	0.00471429	0.0257143	226.64	220.893	32	839	
8.75	9	5	24	5	4	134	33642	134	33642	0.00706503	0.0036362	0.00471429	0.0187143	251.06	89.5526	63	373	
8.75	9	17	25	6	4	110	24190	111	24253	0.00824582	0.00532886	0.00471429	0.0187143	218.495	94.8505	63	277	
8.75	9	19	26	4	4	117	27904	115	26988	0.0050795	0.00156346	0.00471429	0.0117143	234.678	102.711	32	373	
8.75	9	16	27	1	4	172	13863	171	13520	0.00516458	0.00188231	0.00471429	0.0187143	79.0643	41.7312	26	277	
8.75	9	3	29	1	4	1	157	1	157	0.00471429	0	0.00471429	0.00471429	157	0	157	157	
8.75	9	16	30	6	4	170	14685	169	14564	0.00521133	0.00180319	0.00471429	0.0117143	86.1775	50.1105	32	301	
8.75	9	15	32	6	4	48	5251	52	5649	0.00727198	0.00480773	0.00471429	0.0257143	108.635	72.731	16	277	
8.75	9	8	33	1	4	12	614	12	614	0.00471429	0	0.00471429	0.00471429	51.1667	29.9054	21	125	
8.75	9	10	36	19	4	89	6035	90	6132	0.00533651	0.00270488	0.00471429	0.0187143	68.1333	47.9705	26	277	
8.75	9	10	37	21	4	85	7471	85	7495	0.00578487	0.00333019	0.00471429	0.0187143	88.1765	52.8277	32	277	
8.75	9	12	38	1	4	43	12622	43	12622	0.00552824	0.00227047	0.00471429	0.0117143	293.535	291.44	28	839	
8.75	9	7	39	1	4	248	16804	248	16864	0.00477074	0.000627345	0.00471429	0.0117143	68	22.1208	11	217	
8.75	9	3	40	3	4	138	42683	142	44175	0.00486217	0.00101021	0.00471429	0.0117143	311.092	100.301	38	373	
9	9.25	10	1	16	4	37	3660	35	2913	0.00551429	0.00282635	0.00471429	0.0187143	83.2286	67.9897	32	277	
9	9.25	19	4	6	4	113	28638	117	29506	0.00471429	0	0.00471429	0.00471429	252.188	139.473	49	533	
9	9.25	1	5	1	4	219	37944	219	38320	0.00573712	0.00247824	0.00471429	0.0117143	174.977	100.365	32	621	
9	9.25	8	7	3	4	121	41083	121	41083	0.00471429	0	0.00471429	0.00471429	339.529	104.133	18	437	
9	9.25	21	8	1	4	127	39056	126	38217	0.00499206	0.00137194	0.00471429	0.0117143	303.31	172.985	11	839	
9	9.25	7	9	4	4	4	103	4	103	0.00471429	0	0.00471429	0.00471429	25.75	15.5	18	49	
9	9.25	17	10	1	4	119	24603	120	24880	0.00716429	0.00510536	0.00471429	0.0187143	207.333	100.829	49	277	
9	9.25	14	14	1	4	144	26034	146	26508	0.00644031	0.00302751	0.00471429	0.0117143	181.562	73.2816	18	277	
9	9.25	4	15	1	4	118	34530	121	35505	0.00471429	0	0.00471429	0.00471429	293.43	128.314	41	437	
9	9.25	17	16	4	4	117	24114	116	23837	0.00785222	0.00579039	0.00471429	0.0187143	205.491	104.054	47	277	
9	9.25	19	17	1	4	9	668	9	668	0.00549206	0.00233333	0.00471429	0.0117143	74.2222	113.795	26	373	
9	9.25	5	18	10	4	91	18274	89	17760	0.00683788	0.00323623	0.00471429	0.0117143	199.551	94.7239	64	277	
9	9.25	10	19	12	4	4	680	4	445	0.00996428	0.00670199	0.00471429	0.0187143	111.25	110.943	42	277	
9	9.25	10	20	7	4	82	8561	82	8461	0.00633624	0.00401122	0.00471429	0.0187143	103.183	78.3735	32	277	
9	9.25	5	21	1	4	102	21699	104	22467	0.00814698	0.00425125	0.00471429	0.0187143	216.029	103.851	11	373	
9	9.25	1	22	3	4	76	11599	80	12121	0.00602679	0.00274942	0.00471429	0.0117143	151.512	57.4456	37	233	
9	9.25	21	23	6	4	81	21464	82	21520	0.00505575	0.00187392	0.00471429	0.0187143	262.439	182.195	23	839	
9	9.25	5	24	5	4	149	39695	148	39418	0.0061332	0.00293933	0.00471429	0.0187143	266.338	82.1763	63	373	
9	9.25	17	25	6	4	118	24240	118	24240	0.00779903	0.00575508	0.00471429	0.0187143	205.424	103.019	49	277	
9	9.25	19	26	4	4	75	16071	79	17211	0.00471429	0	0.00471429	0.00471429	217.861	138.026	12	621	
9	9.25	16	27	1	4	190	23589	190	23791	0.00556165	0.00250563	0.00471429	0.0187143	125.216	79.4575	32	373	
9	9.25	16	30	6	4	215	29979	215	30069	0.00510498	0.00161068	0.00471429	0.0117143	139.856	67.1799	49	469	
9	9.25	15	32	6	4	37	3943	37	3943	0.00566023	0.00242608	0.00471429	0.0117143	106.568	55.4434	8	223	
9	9.25	10	36	19	4	84	7712	84	7600	0.00604762	0.00334496	0.00471429	0.0187143	90.4762	71.4344	26	277	
9	9.25	10	37	21	4	80	9098	80	9349	0.00646428	0.0032472	0.00471429	0.0187143	116.862	77.8692	32	277	
9	9.25	12	38	1	4	5	3243	5	3243	0.00611429	0.0031305	0.00471429	0.0117143	648.6	262.17	324	839	
9	9.25	7	39	1	4	110	7662	114	7930	0.00471429	0	0.00471429	0.00471429	69.5614	9.71636	11	97	
9	9.25	3	40	3	4	194	62630	190	61671	0.00475113	0.000507833	0.00471429	0.0117143	324.584	102.683	56	373	
9.25	9.5	10	1	16	4	1	277	0	0	0	0	0	0	0	0	0	0	
9.25	9.5	16	3	4	4	8	124	7	116	0.00471429	0	0.00471429	0.00471429	16.5714	3.77964	8	18	
9.25	9.5	19	4	6	4	193	43860	189	41920	0.00471429	0	0.00471429	0.00471429	221.799	104.384	21	533	
9.25	9.5	1	5	1	4	196	36557	196	36657	0.00610714	0.00305903	0.00471429	0.0187143	187.026	130.346	32	621	
9.25	9.5	8	7	3	4	36	17785	36	17785	0.00471429	0	0.00471429	0.00471429	494.028	117.434	248	621	
9.25	9.5	21	8	1	4	123	36889	124	37728	0.00533525	0.00199834	0.00471429	0.0117143	304.258	173.97	11	839	
9.25	9.5	7	9	4	4	14	424	13	331	0.00471429	0	0.00471429	0.00471429	25.4615	9.20702	18	49	
9.25	9.5	17	10	1	4	125	31457	127	32011	0.00576153	0.0033091	0.00471429	0.0187143	252.055	75.9827	49	373	
9.25	9.5	14	13	6	4	2	22	2	22	0.00471429	0	0.00471429	0.00471429	11	0	11	11	
9.25	9.5	14	14	1	4	137	28398	134	27591	0.00555011	0.00227835	0.00471429	0.0117143	205.903	80.9263	18	277	
9.25	9.5	4	15	1	4	140	42538	136	41030	0.00471429	0	0.00471429	0.00471429	301.691	130.567	29	533	
9.25	9.5	17	16	4	4	129	32173	128	31932	0.00575335	0.00329734	0.00471429	0.0187143	249.469	68.4561	28	373	
9.25	9.5	19	17	1	4	8	662	8	662	0.00471429	0	0.00471429	0.00471429	82.75	92.648	26	277	
9.25	9.5	5	18	10	4	113	27095	114	27372	0.0067406	0.00318864	0.00471429	0.0117143	240.105	77.9343	56	277	
9.25	9.5	10	19	12	4	7	524	7	524	0.00471429	0	0.00471429	0.00471429	74.8571	31.7932	6	93	
9.25	9.5	10	20	7	4	80	8206	79	8053	0.00639783	0.00391756	0.00471429	0.0187143	101.937	75.5441	32	277	
9.25	9.5	5	21	1	4	75	17779	74	17288	0.00679537	0.0037953	0.00471429	0.0187143	233.622	86.618	63	277	
9.25	9.5	1	22	3	4	91	12349	91	12349	0.0060989	0.00280384	0.00471429	0.0117143	135.703	67.1664	67	373	
9.25	9.5	21	23	6	4	129	31652	128	31279	0.0050971	0.00182339	0.00471429	0.0187143	244.367	128.92	13	373	
9.25	9.5	5	24	5	4	127	28413	127	28413	0.00735995	0.00440333	0.00471429	0.0187143	223.724	94.2983	49	373	
9.25	9.5	17	25	6	4	116	30084	115	29423	0.00580994	0.00354167	0.00471429	0.0187143	255.852	67.8726	49	373	
9.25	9.5	19	26	4	4	72	14495	72	14495	0.00471429	0	0.00471429	0.00471429	201.319	140.881	26	373	
9.25	9.5	16	27	1	4	222	25460	223	24998	0.00527931	0.0019111	0.00471429	0.0117143	112.099	60.891	26	373	
9.25	9.5	3	29	1	4	3	539	3	539	0.00471429	0	0.00471429	0.00471429	179.667	170.849	49	373	
9.25	9.5	16	30	6	4	223	31383	223	31373	0.00543626	0.00213377	0.00471429	0.0117143	140.686	63.0702	32	373	
9.25	9.5	15	32	6	4	41	5722	41	5722	0.00505575	0.00152659	0.00471429	0.0117143	139.561	69.6929	3	277	
9.25	9.5	10	36	19	4	83	7383	83	7757	0.00631669	0.00351283	0.00471429	0.0187143	93.4578	70.5145	26	277	
9.25	9.5	10	37	21	4	86	8833	86	8830	0.00609801	0.00318884	0.00471429	0.0187143	102.674	67.2776	32	277	
9.25	9.5	3	40	3	4	228	77031	228	76498	0.00471429	0	0.00471429	0.00471429	335.518	90.8415	56	373	
9.5	9.75	16	3	4	4	10	206	11	214	0.00471429	0	0.00471429	0.00471429	19.4545	10.231	8	49	
9.5	9.75	19	4	6	4	118	30771	122	32711	0.00488642	0.00108858	0.00471429	0.0117143	268.123	135.235	9	533	
9.5	9.75	1	5	1	4	206	33478	206	32256	0.00569972	0.00304996	0.00471429	0.0187143	156.583	111.327	32	621	
9.5	9.75	8	7	3	4	94	41355	90	39607	0.00471429	0	0.00471429	0.00471429	440.078	114.214	58	749	
9.5	9.75	7	9	4	4	14	400	14	400	0.00471429	0	0.00471429	0.00471429	28.5714	13.3976	18	63	
9.5	9.75	17	10	1	4	107	21711	102	20326	0.00711625	0.0052582	0.00471429	0.0187143	199.275	118.651	49	373	
9.5	9.75	14	14	1	4	147	31742	149	32296	0.00555992	0.00242934	0.00471429	0.0187143	216.752	76.381	49	277	
9.5	9.75	4	15	1	4	152	49822	154	50616	0.00471429	0	0.00471429	0.00471429	328.675	61.3424	41	437	
9.5	9.75	17	16	4	4	87	18162	86	17849	0.00666777	0.00463721	0.00471429	0.0187143	207.547	118.299	49	373	
9.5	9.75	19	17	1	4	48	6596	48	6596	0.00471429	0	0.00471429	0.00471429	137.417	93.5032	26	381	
9.5	9.75	5	18	10	4	82	16753	82	16753	0.0069338	0.0032774	0.00471429	0.0117143	204.305	97.8506	73	277	
9.5	9.75	10	20	7	4	92	7354	92	7386	0.00570342	0.00337572	0.00471429	0.0187143	80.2826	64.5313	18	277	
9.5	9.75	5	21	1	4	69	16757	70	17036	0.00661429	0.00355964	0.00471429	0.0187143	243.371	78.4445	63	277	
9.5	9.75	1	22	3	4	130	17495	129	17342	0.00547397	0.0021858	0.00471429	0.0117143	134.434	57.8168	32	217	
9.5	9.75	21	23	6	4	224	57326	221	56771	0.00480931	0.000811857	0.00471429	0.0117143	256.882	78.5903	32	373	
9.5	9.75	5	24	5	4	117	24704	116	24655	0.00779187	0.00415807	0.00471429	0.0187143	212.543	111.976	23	373	
9.5	9.75	17	25	6	4	85	17377	85	17761	0.00553781	0.00331367	0.00471429	0.0187143	208.953	117.809	14	373	
9.5	9.75	19	26	4	4	97	16533	97	16533	0.00471429	0	0.00471429	0.00471429	170.443	74.8331	26	233	
9.5	9.75	16	27	1	4	222	22187	221	22201	0.00553781	0.0024496	0.00471429	0.0187143	100.457	60.1575	26	373	
9.5	9.75	3	29	1	4	2	98	2	98	0.00471429	0	0.00471429	0.00471429	49	0	49	49	
9.5	9.75	16	30	6	4	219	28432	219	27984	0.00548141	0.00229191	0.00471429	0.0187143	127.781	75.4035	32	373	
9.5	9.75	15	32	6	4	62	13435	62	13435	0.00482719	0.000889001	0.00471429	0.0117143	216.694	83.3741	18	277	
9.5	9.75	10	36	19	4	93	6235	94	6166	0.00583131	0.00360065	0.00471429	0.0187143	65.5957	64.9111	18	277	
9.5	9.75	10	37	21	4	92	7719	92	7495	0.00532298	0.00246718	0.00471429	0.0187143	81.4674	57.0996	26	277	
9.5	9.75	3	40	3	4	244	89051	244	89051	0.00471429	0	0.00471429	0.00471429	364.963	47.1139	56	373	
9.75	10	10	1	16	4	2	554	0	0	0	0	0	0	0	0	0	0	
9.75	10	16	3	4	4	35	1277	32	1032	0.00471429	0	0.00471429	0.00471429	32.25	18.6876	18	93	
9.75	10	19	4	6	4	198	37206	195	36779	0.00482198	0.000863756	0.00471429	0.0117143	188.61	82.463	32	469	
9.75	10	1	5	1	4	154	26947	157	28385	0.0052939	0.00193526	0.00471429	0.0117143	180.796	111.713	32	621	
9.75	10	8	7	3	4	143	60868	143	60868	0.00471429	0	0.00471429	0.00471429	425.65	63.3261	56	533	
9.75	10	7	9	4	4	13	384	13	384	0.00471429	0	0.00471429	0.00471429	29.5385	15.7248	18	63	
9.75	10	17	10	1	4	115	20679	116	20956	0.00833497	0.00615687	0.00471429	0.0187143	180.655	111.255	49	277	
9.75	10	14	14	1	4	33	5908	36	6587	0.00704762	0.00334664	0.00471429	0.0117143	182.972	93.2874	72	277	
9.75	10	4	15	1	4	160	54097	158	53432	0.00475859	0.00055689	0.00471429	0.0117143	338.177	114.637	41	469	
9.75	10	17	16	4	4	112	20098	113	20375	0.00818331	0.00607111	0.00471429	0.0187143	180.31	112.14	49	277	
9.75	10	19	17	1	4	58	7804	58	7804	0.00471429	0	0.00471429	0.00471429	134.552	87.6493	26	301	
9.75	10	5	18	10	4	105	28131	106	28000	0.00530862	0.00218557	0.00471429	0.0187143	264.151	62.1525	67	373	
9.75	10	10	20	7	4	86	6913	86	6941	0.00577242	0.00348224	0.00471429	0.0187143	80.7093	59.0124	32	277	
9.75	10	5	21	1	4	13	2917	14	3192	0.00621428	0.00298071	0.00471429	0.0117143	228	97.0099	49	277	
9.75	10	1	22	3	4	53	7813	53	7813	0.00511051	0.00163307	0.00471429	0.0117143	147.415	73.7682	18	357	
9.75	10	21	23	6	4	246	66062	246	65882	0.00471429	0	0.00471429	0.00471429	267.813	42.9143	32	277	
9.75	10	5	24	5	4	145	40898	147	41224	0.00561905	0.00275067	0.00471429	0.0187143	280.435	78.9169	49	373	
9.75	10	17	25	6	4	117	19589	117	19589	0.00758608	0.00567745	0.00471429	0.0187143	167.427	113.177	49	277	
9.75	10	19	26	4	4	120	19870	120	19870	0.00477262	0.00063901	0.00471429	0.0117143	165.583	116.366	26	373	
9.75	10	16	27	1	4	220	20947	221	21402	0.0050627	0.00179415	0.00471429	0.0187143	96.8416	62.6136	18	373	
9.75	10	3	29	1	4	4	809	4	809	0.00471429	0	0.00471429	0.00471429	202.25	196.588	32	373	
9.75	10	16	30	6	4	226	23081	225	23102	0.00483873	0.000927062	0.00471429	0.0117143	102.676	37.906	32	217	
9.75	10	15	32	6	4	74	17670	74	17670	0.00480888	0.000813733	0.00471429	0.0117143	238.784	60.6658	56	277	
9.75	10	10	36	19	4	88	6924	86	6700	0.00634219	0.00411324	0.00471429	0.0187143	77.907	72.871	26	277	
9.75	10	10	37	21	4	92	7379	92	7447	0.00547515	0.00283374	0.00471429	0.0187143	80.9457	51.9525	32	277	
9.75	10	3	40	3	4	250	92504	250	92504	0.00471429	0	0.00471429	0.00471429	370.016	27.0571	125	373	
10	10.25	16	3	4	4	23	719	24	851	0.00500595	0.00142887	0.00471429	0.0117143	35.4583	31.2034	14	173	
10	10.25	19	4	6	4	198	38685	198	38915	0.00489105	0.00110102	0.00471429	0.0117143	196.54	88.4541	32	469	
10	10.25	1	5	1	4	226	36737	222	35768	0.00518726	0.00199699	0.00471429	0.0187143	161.117	97.6769	32	621	
10	10.25	8	7	3	4	107	45676	111	47424	0.00471429	0	0.00471429	0.00471429	427.243	65.9587	39	533	
10	10.25	7	9	4	4	20	506	19	488	0.00471429	0	0.00471429	0.00471429	25.6842	11.8042	18	63	
10	10.25	17	10	1	4	124	21716	128	22824	0.00668303	0.00480639	0.00471429	0.0187143	178.312	114.19	9	277	
10	10.25	4	15	1	4	177	57263	181	58642	0.00483031	0.000896176	0.00471429	0.0117143	323.989	94.3834	41	749	
10	10.25	17	16	4	4	129	26056	131	26662	0.00685169	0.00497959	0.00471429	0.0187143	203.527	119.626	32	469	
10	10.25	19	17	1	4	49	5854	47	5468	0.00501216	0.00142821	0.00471429	0.0117143	116.34	89.0643	26	373	
10	10.25	5	18	10	4	146	40373	148	40927	0.00471429	0	0.00471429	0.00471429	276.534	5.67177	208	277	
10	10.25	10	20	7	4	92	6638	91	6370	0.00548352	0.0028483	0.00471429	0.0187143	70	50.9241	26	277	
10	10.25	1	22	3	4	54	6458	49	5597	0.00628571	0.00295099	0.00471429	0.0117143	114.224	59.4749	17	233	
10	10.25	21	23	6	4	250	68243	250	68494	0.00471429	0	0.00471429	0.00471429	273.976	27.3841	26	277	
10	10.25	5	24	5	4	170	47734	170	47446	0.00471429	0	0.00471429	0.00471429	279.094	40.212	56	373	
10	10.25	17	25	6	4	120	22196	123	23248	0.00681998	0.00498492	0.00471429	0.0187143	189.008	116.585	32	277	
10	10.25	19	26	4	4	76	13814	73	13736	0.00500196	0.0013992	0.00471429	0.0117143	188.164	105.164	10	373	
10	10.25	16	27	1	4	211	19114	209	18624	0.00504921	0.00149768	0.00471429	0.0117143	89.11	51.456	18	373	
10	10.25	3	29	1	4	5	1524	5	1524	0.00471429	0	0.00471429	0.00471429	304.8	152.5	32	373	
10	10.25	16	30	6	4	212	23342	213	23673	0.0049772	0.00133402	0.00471429	0.0117143	111.141	49.4434	32	233	
10	10.25	15	32	6	4	99	22942	99	22942	0.0048557	0.000989847	0.00471429	0.0117143	231.737	77.1531	49	277	
10	10.25	13	35	1	4	1	26	1	26	0.00471429	0	0.00471429	0.00471429	26	0	26	26	
10	10.25	10	36	19	4	86	6524	88	6808	0.00654383	0.00431043	0.00471429	0.0187143	77.3636	72.2999	26	277	
10	10.25	10	37	21	4	91	7085	92	7290	0.00539907	0.00233431	0.00471429	0.0187143	79.2391	52.7556	32	277	
10	10.25	3	40	3	4	250	92255	250	92255	0.00471429	0	0.00471429	0.00471429	369.02	31.1789	125	373	
10.25	10.5	10	1	16	4	1	277	0	0	0	0	0	0	0	0	0	0	
10.25	10.5	19	4	6	4	109	15825	109	15515	0.00497117	0.0013222	0.00471429	0.0117143	142.339	59.1027	32	269	
10.25	10.5	1	5	1	4	202	44191	203	44814	0.00499015	0.00136533	0.00471429	0.0117143	220.759	153.268	32	621	
10.25	10.5	8	7	3	4	81	35795	81	35795	0.00471429	0	0.00471429	0.00471429	441.914	103.045	56	749	
10.25	10.5	7	9	4	4	15	308	15	308	0.00471429	0	0.00471429	0.00471429	20.5333	3.73911	18	26	
10.25	10.5	17	10	1	4	126	28391	121	27006	0.00673908	0.00464662	0.00471429	0.0187143	223.19	106.168	32	373	
10.25	10.5	4	15	1	4	111	31664	107	30552	0.00471429	0	0.00471429	0.00471429	285.533	126.293	41	749	
10.25	10.5	17	16	4	4	108	22965	108	22913	0.00665873	0.00436818	0.00471429	0.0187143	212.157	104.801	32	469	
10.25	10.5	19	17	1	4	95	14006	94	13897	0.00486322	0.00101555	0.00471429	0.0117143	147.84	68.3239	26	277	
10.25	10.5	5	18	10	4	64	17664	61	16833	0.00471429	0	0.00471429	0.00471429	275.951	37.3945	21	373	
10.25	10.5	10	20	7	4	88	7044	87	7066	0.0060821	0.00334843	0.00471429	0.0187143	81.2184	61.9498	18	277	
10.25	10.5	1	22	3	4	69	7384	66	6853	0.00503247	0.00146927	0.00471429	0.0117143	103.833	51.768	21	233	
10.25	10.5	21	23	6	4	250	68494	250	68243	0.00471429	0	0.00471429	0.00471429	272.972	31.5562	26	277	
10.25	10.5	5	24	5	4	198	64406	199	64971	0.00471429	0	0.00471429	0.00471429	326.487	70.9251	56	373	
10.25	10.5	17	25	6	4	117	25514	114	24646	0.00637218	0.00419614	0.00471429	0.0187143	216.193	109.832	32	373	
10.25	10.5	19	26	4	4	167	31568	170	31646	0.00487899	0.00106418	0.00471429	0.0117143	186.153	89.4823	26	437	
10.25	10.5	16	27	1	4	236	23986	237	24423	0.00512779	0.00165381	0.00471429	0.0117143	103.051	58.4753	22	373	
10.25	10.5	3	29	1	4	3	66	3	66	0.00471429	0	0.00471429	0.00471429	22	0	22	22	
10.25	10.5	16	30	6	4	246	23949	246	23965	0.00482811	0.000887126	0.00471429	0.0117143	97.4187	28.8912	49	217	
10.25	10.5	15	32	6	4	49	10764	49	10764	0.00471429	0	0.00471429	0.00471429	219.673	73.0052	97	277	
10.25	10.5	13	35	1	4	6	578	6	578	0.00471429	0	0.00471429	0.00471429	96.3333	77.358	26	173	
10.25	10.5	10	36	19	4	86	6375	85	6139	0.00603193	0.00381791	0.00471429	0.0257143	72.2235	62.3211	26	277	
10.25	10.5	10	37	21	4	91	8163	91	8139	0.00571429	0.00287131	0.00471429	0.0187143	89.4396	62.892	32	277	
10.25	10.5	3	40	3	4	250	92506	250	92506	0.00471429	0	0.00471429	0.00471429	370.024	27.0577	125	373	
10.5	10.75	10	1	16	4	2	340	1	63	0.00471429	0	0.00471429	0.00471429	63	0	63	63	
10.5	10.75	19	4	6	4	167	25455	167	25543	0.00484003	0.000932542	0.00471429	0.0117143	152.952	49.5609	32	269	
10.5	10.75	1	5	1	4	170	30980	170	30414	0.0057437	0.00248648	0.00471429	0.0117143	178.906	131.461	14	533	
10.5	10.75	8	7	3	4	47	21672	47	21672	0.00471429	0	0.00471429	0.00471429	461.106	88.1422	134	533	
10.5	10.75	7	9	4	4	16	402	17	420	0.00471429	0	0.00471429	0.00471429	24.7059	10.4329	18	49	
10.5	10.75	17	10	1	4	137	34294	140	35125	0.00611428	0.00377382	0.00471429	0.0187143	250.893	75.5924	31	373	
10.5	10.75	4	15	1	4	87	26041	90	26620	0.00486984	0.00103762	0.00471429	0.0117143	295.778	119.294	22	749	
10.5	10.75	17	16	4	4	120	30158	119	29881	0.00630252	0.00401778	0.00471429	0.0187143	251.101	67.68	32	277	
10.5	10.75	19	17	1	4	119	18302	120	18439	0.00488929	0.00142406	0.00471429	0.0187143	153.658	60.0568	26	277	
10.5	10.75	5	18	10	4	104	28631	104	28631	0.00471429	0	0.00471429	0.00471429	275.298	17.1594	102	277	
10.5	10.75	10	20	7	4	88	7099	90	7455	0.00580317	0.00295146	0.00471429	0.0187143	82.8333	59.4354	26	277	
10.5	10.75	1	22	3	4	38	6670	45	7909	0.00673651	0.00320857	0.00471429	0.0117143	175.756	52.3212	6	357	
10.5	10.75	21	23	6	4	250	68495	250	68495	0.00471429	0	0.00471429	0.00471429	273.98	27.3844	26	277	
10.5	10.75	5	24	5	4	188	57733	187	57456	0.00471429	0	0.00471429	0.00471429	307.251	57.0515	56	373	
10.5	10.75	17	25	6	4	128	32681	129	32774	0.00634219	0.00415156	0.00471429	0.0187143	254.062	68.1583	32	373	
10.5	10.75	19	26	4	4	121	19614	118	19055	0.00483293	0.000907419	0.00471429	0.0117143	161.483	67.6423	26	277	
10.5	10.75	16	27	1	4	237	23821	236	23566	0.00509988	0.00160041	0.00471429	0.0117143	99.8559	46.8961	22	301	
10.5	10.75	3	29	1	4	4	88	4	88	0.00471429	0	0.00471429	0.00471429	22	0	22	22	
10.5	10.75	16	30	6	4	249	23475	249	23451	0.0047424	0.000443607	0.00471429	0.0117143	94.1807	19.1943	49	177	
10.5	10.75	15	32	6	4	102	25594	101	25317	0.0048529	0.000980099	0.00471429	0.0117143	250.663	57.2406	23	277	
10.5	10.75	13	35	1	4	5	424	5	424	0.00471429	0	0.00471429	0.00471429	84.8	80.5152	26	173	
10.5	10.75	10	36	19	4	84	6853	83	6576	0.00665404	0.00427799	0.00471429	0.0187143	79.2289	70.18	18	277	
10.5	10.75	10	37	21	4	84	8876	82	8118	0.00676307	0.00446634	0.00471429	0.0187143	99	79.4719	32	277	
10.5	10.75	3	40	3	4	250	92504	250	92504	0.00471429	0	0.00471429	0.00471429	370.016	27.0571	125	373	
